"Status","Start Time","Stop Time","Duration in ms","Parent Suite","Suite","Sub Suite","Test Class","Test Method","Name","Description"
"passed","Tue Jun 25 18:38:04 GMT 2024","Tue Jun 25 18:38:06 GMT 2024","2138","Surefire suite","Surefire test","school.redrover.FreestyleProjectTest","school.redrover.FreestyleProjectTest","testCreateProjectFromOtherExisting","testCreateProjectFromOtherExisting","Verify that a new project can be created from an existing project."
"passed","Tue Jun 25 18:44:00 GMT 2024","Tue Jun 25 18:44:00 GMT 2024","483","Surefire suite","Surefire test","school.redrover.ManageJenkinsTest","school.redrover.ManageJenkinsTest","testLinksDescriptionText","testLinksDescriptionText","Check link description text"
"passed","Tue Jun 25 18:38:31 GMT 2024","Tue Jun 25 18:38:31 GMT 2024","231","Surefire suite","Surefire test","school.redrover.FreestyleProjectTest","school.redrover.FreestyleProjectTest","testCreateProjectInvalidCharsDisabledOkButton","testCreateProjectInvalidCharsDisabledOkButton","Check OK button disabled for invalid project names."
"passed","Tue Jun 25 18:43:16 GMT 2024","Tue Jun 25 18:43:17 GMT 2024","339","Surefire suite","Surefire test","school.redrover.DashboardTest","school.redrover.DashboardTest","testChangeIconSize","testChangeIconSize","Verify Icon Size changes"
"passed","Tue Jun 25 18:31:40 GMT 2024","Tue Jun 25 18:31:42 GMT 2024","1656","Surefire suite","Surefire test","school.redrover.runner.CucumberTest","school.redrover.runner.CucumberTest","runScenario","Runs Cucumber Scenarios",""
"passed","Tue Jun 25 18:39:18 GMT 2024","Tue Jun 25 18:39:19 GMT 2024","1143","Surefire suite","Surefire test","school.redrover.FreestyleProjectTest","school.redrover.FreestyleProjectTest","testDropdownRenameWithEmptyName","testDropdownRenameWithEmptyName","Check error when rename the project with empty name"
"passed","Tue Jun 25 18:45:00 GMT 2024","Tue Jun 25 18:45:01 GMT 2024","701","Surefire suite","Surefire test","school.redrover.ManageJenkinsTest","school.redrover.ManageJenkinsTest","testManageJenkinsLinksRedirectionURL","testManageJenkinsLinksRedirectionURL","Check redirect to right URL after click on link"
"passed","Tue Jun 25 18:38:25 GMT 2024","Tue Jun 25 18:38:25 GMT 2024","364","Surefire suite","Surefire test","school.redrover.FreestyleProjectTest","school.redrover.FreestyleProjectTest","testCreateProjectInvalidCharsDisabledOkButton","testCreateProjectInvalidCharsDisabledOkButton","Check OK button disabled for invalid project names."
"passed","Tue Jun 25 18:35:09 GMT 2024","Tue Jun 25 18:35:13 GMT 2024","3452","Surefire suite","Surefire test","school.redrover.PipelineTest","school.redrover.PipelineTest","testSetParametersToThrottleBuilds","testSetParametersToThrottleBuilds","Set number of builds, time period in Throttle builds and verify message about time between builds after"
"passed","Tue Jun 25 18:35:40 GMT 2024","Tue Jun 25 18:35:42 GMT 2024","1955","Surefire suite","Surefire test","school.redrover.PipelineTest","school.redrover.PipelineTest","testSetQuietPeriodBuildTriggersLessThanZero","testSetQuietPeriodBuildTriggersLessThanZero","02.004.09 Verify that user is not able to set Quiet Period Build Triggers than than zero"
"passed","Tue Jun 25 18:40:52 GMT 2024","Tue Jun 25 18:40:54 GMT 2024","1983","Surefire suite","Surefire test","school.redrover.MultiConfigurationProjectTest","school.redrover.MultiConfigurationProjectTest","testMoveProjectToFolderFromDashboardPage","testMoveProjectToFolderFromDashboardPage","Move project to Folder using left-sidebar  menu on Dashboard"
"passed","Tue Jun 25 18:31:46 GMT 2024","Tue Jun 25 18:31:46 GMT 2024","83","Surefire suite","Surefire test","school.redrover.APIJenkinsJobsTest","school.redrover.APIJenkinsJobsTest","testRunJob","testRunJob","Check the status of job after Run"
"passed","Tue Jun 25 18:36:09 GMT 2024","Tue Jun 25 18:37:20 GMT 2024","71700","Surefire suite","Surefire test","school.redrover.PipelineTest","school.redrover.PipelineTest","testTableWithLast10Builds","testTableWithLast10Builds","Verify the list of the last 10 builds for the pipeline is displayed"
"passed","Tue Jun 25 18:34:53 GMT 2024","Tue Jun 25 18:34:55 GMT 2024","1316","Surefire suite","Surefire test","school.redrover.PipelineTest","school.redrover.PipelineTest","testRenamePipelineViaSidebar","testRenamePipelineViaSidebar","Rename project via sidebar"
"passed","Tue Jun 25 18:37:31 GMT 2024","Tue Jun 25 18:37:32 GMT 2024","795","Surefire suite","Surefire test","school.redrover.PipelineTest","school.redrover.PipelineTest","testVerifyConfigureSectionsHaveTooltips","testVerifyConfigureSectionsHaveTooltips","Verify that three pipeline configure sections have toolTips"
"passed","Tue Jun 25 18:31:46 GMT 2024","Tue Jun 25 18:31:46 GMT 2024","107","Surefire suite","Surefire test","school.redrover.APIJenkinsJobsTest","school.redrover.APIJenkinsJobsTest","testRunJob","testRunJob","Check the status of job after Run"
"passed","Tue Jun 25 18:31:46 GMT 2024","Tue Jun 25 18:31:46 GMT 2024","50","Surefire suite","Surefire test","school.redrover.APIJenkinsJobsTest","school.redrover.APIJenkinsJobsTest","testCreateNewJob","testCreateNewJob","Check the status code is returned 200 after jobs is created"
"passed","Tue Jun 25 18:30:15 GMT 2024","Tue Jun 25 18:30:17 GMT 2024","2142","Surefire suite","Surefire test","school.redrover.MultibranchPipelineTest","school.redrover.MultibranchPipelineTest","testCreateProjectFromExistingMultibranchPipeline","testCreateProjectFromExistingMultibranchPipeline","Verify creation by copying from other Multibranch Pipeline"
"passed","Tue Jun 25 18:38:32 GMT 2024","Tue Jun 25 18:38:32 GMT 2024","379","Surefire suite","Surefire test","school.redrover.FreestyleProjectTest","school.redrover.FreestyleProjectTest","testCreateProjectInvalidCharsGetMessage","testCreateProjectInvalidCharsGetMessage","Verify error message for project creation with invalid characters."
"passed","Tue Jun 25 18:43:53 GMT 2024","Tue Jun 25 18:43:54 GMT 2024","617","Surefire suite","Surefire test","school.redrover.ManageJenkinsTest","school.redrover.ManageJenkinsTest","testLinksDescriptionText","testLinksDescriptionText","Check link description text"
"passed","Tue Jun 25 18:44:06 GMT 2024","Tue Jun 25 18:44:07 GMT 2024","1008","Surefire suite","Surefire test","school.redrover.ManageJenkinsTest","school.redrover.ManageJenkinsTest","testManageJenkinsLinksRedirectToPage","testManageJenkinsLinksRedirectToPage","Check page title after click on link"
"passed","Tue Jun 25 18:40:49 GMT 2024","Tue Jun 25 18:40:51 GMT 2024","2216","Surefire suite","Surefire test","school.redrover.MultiConfigurationProjectTest","school.redrover.MultiConfigurationProjectTest","testMakeCopyMultiConfigurationProject","testMakeCopyMultiConfigurationProject","Check creating project by copying the exist one"
"passed","Tue Jun 25 18:33:32 GMT 2024","Tue Jun 25 18:33:34 GMT 2024","1333","Surefire suite","Surefire test","school.redrover.PipelineTest","school.redrover.PipelineTest","testCheckTooltipOfStatusIcon","testCheckTooltipOfStatusIcon","Checking tooltip of status icon on Dashboard"
"passed","Tue Jun 25 18:45:06 GMT 2024","Tue Jun 25 18:45:07 GMT 2024","724","Surefire suite","Surefire test","school.redrover.ManageJenkinsTest","school.redrover.ManageJenkinsTest","testManageJenkinsLinksRedirectionURL","testManageJenkinsLinksRedirectionURL","Check redirect to right URL after click on link"
"passed","Tue Jun 25 18:35:01 GMT 2024","Tue Jun 25 18:35:02 GMT 2024","1174","Surefire suite","Surefire test","school.redrover.PipelineTest","school.redrover.PipelineTest","testSectionsOfSidePanelAreVisible","testSectionsOfSidePanelAreVisible","Verify that Pipeline configuration has interactive sections: General, Advanced Project Options, Pipeline"
"passed","Tue Jun 25 18:41:21 GMT 2024","Tue Jun 25 18:41:22 GMT 2024","768","Surefire suite","Surefire test","school.redrover.HeaderTest","school.redrover.HeaderTest","testWarningsSettingPage","testWarningsSettingPage","Check getting the settings page with warnings"
"passed","Tue Jun 25 18:43:56 GMT 2024","Tue Jun 25 18:43:57 GMT 2024","616","Surefire suite","Surefire test","school.redrover.ManageJenkinsTest","school.redrover.ManageJenkinsTest","testLinksDescriptionText","testLinksDescriptionText","Check link description text"
"passed","Tue Jun 25 18:38:22 GMT 2024","Tue Jun 25 18:38:22 GMT 2024","374","Surefire suite","Surefire test","school.redrover.FreestyleProjectTest","school.redrover.FreestyleProjectTest","testCreateProjectInvalidCharsDisabledOkButton","testCreateProjectInvalidCharsDisabledOkButton","Check OK button disabled for invalid project names."
"passed","Tue Jun 25 18:30:18 GMT 2024","Tue Jun 25 18:30:19 GMT 2024","785","Surefire suite","Surefire test","school.redrover.MultibranchPipelineTest","school.redrover.MultibranchPipelineTest","testCreateProjectViaSidebarMenu","testCreateProjectViaSidebarMenu","Verify that a project can be created via the sidebar menu."
"passed","Tue Jun 25 18:42:55 GMT 2024","Tue Jun 25 18:42:57 GMT 2024","2241","Surefire suite","Surefire test","school.redrover.NodesTest","school.redrover.NodesTest","testSwitchNodeToOnlineStatus","testSwitchNodeToOnlineStatus","Return online status to Node"
"passed","Tue Jun 25 18:42:33 GMT 2024","Tue Jun 25 18:42:34 GMT 2024","581","Surefire suite","Surefire test","school.redrover.UserTest","school.redrover.UserTest","testUsersSortingByUserIDDesc","testUsersSortingByUserIDDesc","Check that users can be sorted descending by userID clicking 'User ID' column header"
"passed","Tue Jun 25 18:38:21 GMT 2024","Tue Jun 25 18:38:21 GMT 2024","240","Surefire suite","Surefire test","school.redrover.FreestyleProjectTest","school.redrover.FreestyleProjectTest","testCreateProjectInvalidCharsDisabledOkButton","testCreateProjectInvalidCharsDisabledOkButton","Check OK button disabled for invalid project names."
"passed","Tue Jun 25 18:44:04 GMT 2024","Tue Jun 25 18:44:05 GMT 2024","631","Surefire suite","Surefire test","school.redrover.ManageJenkinsTest","school.redrover.ManageJenkinsTest","testLinksDescriptionText","testLinksDescriptionText","Check link description text"
"passed","Tue Jun 25 18:43:29 GMT 2024","Tue Jun 25 18:43:31 GMT 2024","1668","Surefire suite","Surefire test","school.redrover.DashboardTest","school.redrover.DashboardTest","testAddItemsToView","testAddItemsToView","Verify all items added to New List View"
"passed","Tue Jun 25 18:41:27 GMT 2024","Tue Jun 25 18:41:28 GMT 2024","277","Surefire suite","Surefire test","school.redrover.PeopleTest","school.redrover.PeopleTest","testDisplayedNameOnPeoplePage","testDisplayedNameOnPeoplePage","Check name 'admin' on People page"
"passed","Tue Jun 25 18:33:19 GMT 2024","Tue Jun 25 18:33:22 GMT 2024","3397","Surefire suite","Surefire test","school.redrover.PipelineTest","school.redrover.PipelineTest","testBuildHistoryEmptyUponPipelineRemoval","testBuildHistoryEmptyUponPipelineRemoval","Verify Pipeline builds disappeared from Build History page upon its removal"
"passed","Tue Jun 25 18:39:39 GMT 2024","Tue Jun 25 18:39:43 GMT 2024","3850","Surefire suite","Surefire test","school.redrover.OrganizationFolderTest","school.redrover.OrganizationFolderTest","testAnchorLinksLeadToCorrespondingBlocks","testAnchorLinksLeadToCorrespondingBlocks","Verify that clicking anchor links in the configuration page navigates to the corresponding blocks."
"passed","Tue Jun 25 18:31:47 GMT 2024","Tue Jun 25 18:31:49 GMT 2024","1751","Surefire suite","Surefire test","school.redrover.BuildHistoryTest","school.redrover.BuildHistoryTest","testBuildScheduledDoneMessage","testBuildScheduledDoneMessage","Check 'Build now: Done.' notification is displayed"
"passed","Tue Jun 25 18:43:38 GMT 2024","Tue Jun 25 18:43:39 GMT 2024","615","Surefire suite","Surefire test","school.redrover.ManageJenkinsTest","school.redrover.ManageJenkinsTest","testLinksDescriptionText","testLinksDescriptionText","Check link description text"
"passed","Tue Jun 25 18:32:08 GMT 2024","Tue Jun 25 18:32:09 GMT 2024","583","Surefire suite","Surefire test","school.redrover.PipelineTest","school.redrover.PipelineTest","testDeleteDisplayNameInAdvancedSection","testDeleteDisplayNameInAdvancedSection","Verify delete display name in advanced section"
"passed","Tue Jun 25 18:31:46 GMT 2024","Tue Jun 25 18:31:46 GMT 2024","4","Surefire suite","Surefire test","school.redrover.APIJenkinsJobsTest","school.redrover.APIJenkinsJobsTest","testDelete","testDelete",""
"passed","Tue Jun 25 18:37:33 GMT 2024","Tue Jun 25 18:37:33 GMT 2024","833","Surefire suite","Surefire test","school.redrover.PipelineTest","school.redrover.PipelineTest","testVerifyConfigureSectionsHaveTooltips","testVerifyConfigureSectionsHaveTooltips","Verify that three pipeline configure sections have toolTips"
"passed","Tue Jun 25 18:44:03 GMT 2024","Tue Jun 25 18:44:03 GMT 2024","514","Surefire suite","Surefire test","school.redrover.ManageJenkinsTest","school.redrover.ManageJenkinsTest","testLinksDescriptionText","testLinksDescriptionText","Check link description text"
"passed","Tue Jun 25 18:43:28 GMT 2024","Tue Jun 25 18:43:29 GMT 2024","390","Surefire suite","Surefire test","school.redrover.DashboardTest","school.redrover.DashboardTest","testCreateListView","testCreateListView","Create the 'List View'"
"passed","Tue Jun 25 18:45:40 GMT 2024","Tue Jun 25 18:45:41 GMT 2024","911","Surefire suite","Surefire test","school.redrover.ManageJenkinsTest","school.redrover.ManageJenkinsTest","testRedirectionToSystemPage","testRedirectionToSystemPage","Check redirection to 'System' page"
"passed","Tue Jun 25 18:31:35 GMT 2024","Tue Jun 25 18:31:35 GMT 2024","1","Surefire suite","Surefire test","school.redrover.runner.order.OrderForTestsTest","school.redrover.runner.order.OrderForTestsTest","orderMethodsTwoDifferentGroupsDepTest","orderMethodsTwoDifferentGroupsDepTest",""
"passed","Tue Jun 25 18:38:10 GMT 2024","Tue Jun 25 18:38:10 GMT 2024","238","Surefire suite","Surefire test","school.redrover.FreestyleProjectTest","school.redrover.FreestyleProjectTest","testCreateProjectInvalidCharsDisabledOkButton","testCreateProjectInvalidCharsDisabledOkButton","Check OK button disabled for invalid project names."
"passed","Tue Jun 25 18:30:25 GMT 2024","Tue Jun 25 18:30:28 GMT 2024","3072","Surefire suite","Surefire test","school.redrover.MultibranchPipelineTest","school.redrover.MultibranchPipelineTest","testDeleteViaSidebarMenu","testDeleteViaSidebarMenu","Verify the deletion of a Multibranch pipeline via Sidebar menu."
"passed","Tue Jun 25 18:40:02 GMT 2024","Tue Jun 25 18:40:03 GMT 2024","1629","Surefire suite","Surefire test","school.redrover.OrganizationFolderTest","school.redrover.OrganizationFolderTest","testPipelineSyntaxExamplesAccess","testPipelineSyntaxExamplesAccess","Verify access to examples Reference."
"passed","Tue Jun 25 18:40:55 GMT 2024","Tue Jun 25 18:40:58 GMT 2024","3092","Surefire suite","Surefire test","school.redrover.MultiConfigurationProjectTest","school.redrover.MultiConfigurationProjectTest","testMoveProjectToFolderViaDropdown","testMoveProjectToFolderViaDropdown","Move the project to the Folder via Dropdown menu"
"passed","Tue Jun 25 18:37:53 GMT 2024","Tue Jun 25 18:37:54 GMT 2024","1151","Surefire suite","Surefire test","school.redrover.PipelineTest","school.redrover.PipelineTest","testVerifyThePresenceOfTheFullStageViewButtonInTheSidebar","testVerifyThePresenceOfTheFullStageViewButtonInTheSidebar","Verify the presence of the full stage view button in the sidebar"
"passed","Tue Jun 25 18:43:15 GMT 2024","Tue Jun 25 18:43:16 GMT 2024","1083","Surefire suite","Surefire test","school.redrover.DashboardTest","school.redrover.DashboardTest","testCreateMyView","testCreateMyView","Create the 'My View'"
"passed","Tue Jun 25 18:41:13 GMT 2024","Tue Jun 25 18:41:13 GMT 2024","279","Surefire suite","Surefire test","school.redrover.HeaderTest","school.redrover.HeaderTest","testCheckCurrentUserID","testCheckCurrentUserID","Check user page redirection"
"passed","Tue Jun 25 18:41:07 GMT 2024","Tue Jun 25 18:41:08 GMT 2024","835","Surefire suite","Surefire test","school.redrover.MultiConfigurationProjectTest","school.redrover.MultiConfigurationProjectTest","testVerifyThatDisabledIconIsDisplayedOnDashboard","testVerifyThatDisabledIconIsDisplayedOnDashboard","Check, that there is a special icon near displayed project on Dashboard"
"passed","Tue Jun 25 18:38:29 GMT 2024","Tue Jun 25 18:38:29 GMT 2024","229","Surefire suite","Surefire test","school.redrover.FreestyleProjectTest","school.redrover.FreestyleProjectTest","testCreateProjectInvalidCharsDisabledOkButton","testCreateProjectInvalidCharsDisabledOkButton","Check OK button disabled for invalid project names."
"passed","Tue Jun 25 18:42:54 GMT 2024","Tue Jun 25 18:42:54 GMT 2024","383","Surefire suite","Surefire test","school.redrover.NodesTest","school.redrover.NodesTest","testSwitchNodeToOfflineStatus","testSwitchNodeToOfflineStatus","Switch Node to offline status"
"passed","Tue Jun 25 18:43:48 GMT 2024","Tue Jun 25 18:43:49 GMT 2024","491","Surefire suite","Surefire test","school.redrover.ManageJenkinsTest","school.redrover.ManageJenkinsTest","testLinksDescriptionText","testLinksDescriptionText","Check link description text"
"passed","Tue Jun 25 18:34:09 GMT 2024","Tue Jun 25 18:34:09 GMT 2024","361","Surefire suite","Surefire test","school.redrover.PipelineTest","school.redrover.PipelineTest","testCreatePipelineWithEmptyName","testCreatePipelineWithEmptyName","Create Pipeline Project with empty name"
"passed","Tue Jun 25 18:37:44 GMT 2024","Tue Jun 25 18:37:45 GMT 2024","829","Surefire suite","Surefire test","school.redrover.PipelineTest","school.redrover.PipelineTest","testVerifyConfigureSectionsHaveTooltips","testVerifyConfigureSectionsHaveTooltips","Verify that three pipeline configure sections have toolTips"
"passed","Tue Jun 25 18:31:35 GMT 2024","Tue Jun 25 18:31:35 GMT 2024","0","Surefire suite","Surefire test","school.redrover.runner.order.OrderForTestsTest","school.redrover.runner.order.OrderForTestsTest","orderMethodsCycleDepTest","orderMethodsCycleDepTest",""
"passed","Tue Jun 25 18:45:45 GMT 2024","Tue Jun 25 18:45:46 GMT 2024","1178","Surefire suite","Surefire test","school.redrover.ManageJenkinsTest","school.redrover.ManageJenkinsTest","testReloadConfigurationFromDiskConfirmationDialogTitle","testReloadConfigurationFromDiskConfirmationDialogTitle","Check 'Reload Configuration from Disk' confirmation dialog title"
"passed","Tue Jun 25 18:42:39 GMT 2024","Tue Jun 25 18:42:39 GMT 2024","757","Surefire suite","Surefire test","school.redrover.NodesTest","school.redrover.NodesTest","testCreateNodeUsingExistingNameAndVerifyErrorMessage","testCreateNodeUsingExistingNameAndVerifyErrorMessage","Verify error message when create Node with existing name"
"passed","Tue Jun 25 18:30:56 GMT 2024","Tue Jun 25 18:30:57 GMT 2024","1386","Surefire suite","Surefire test","school.redrover.SearchBoxTest","school.redrover.SearchBoxTest","testSearchPipeline","testSearchPipeline","Check search for pipeline project by full name"
"passed","Tue Jun 25 18:29:51 GMT 2024","Tue Jun 25 18:29:51 GMT 2024","211","Surefire suite","Surefire test","school.redrover.NewItemTest","school.redrover.NewItemTest","testInvalidValuesForProjectNameInput","testInvalidValuesForProjectNameInput","Check hint, when entering an unsafe character "
"passed","Tue Jun 25 18:40:37 GMT 2024","Tue Jun 25 18:40:41 GMT 2024","3521","Surefire suite","Surefire test","school.redrover.MultiConfigurationProjectTest","school.redrover.MultiConfigurationProjectTest","testDeleteProjectViaDropdown","testDeleteProjectViaDropdown","Delete an existing project via Dropdown menu"
"passed","Tue Jun 25 18:43:25 GMT 2024","Tue Jun 25 18:43:26 GMT 2024","601","Surefire suite","Surefire test","school.redrover.DashboardTest","school.redrover.DashboardTest","testOrganizationFolderChevronMenu","testOrganizationFolderChevronMenu","Check all Organization Folder Menu Items exist"
"passed","Tue Jun 25 18:39:35 GMT 2024","Tue Jun 25 18:39:36 GMT 2024","1061","Surefire suite","Surefire test","school.redrover.FreestyleProjectTest","school.redrover.FreestyleProjectTest","testRenameProjectViaDropdown","testRenameProjectViaDropdown","Rename project via dropdown menu"
"passed","Tue Jun 25 18:30:07 GMT 2024","Tue Jun 25 18:30:07 GMT 2024","220","Surefire suite","Surefire test","school.redrover.NewItemTest","school.redrover.NewItemTest","testInvalidValuesForProjectNameInput","testInvalidValuesForProjectNameInput","Check hint, when entering an unsafe character "
"passed","Tue Jun 25 18:31:42 GMT 2024","Tue Jun 25 18:31:46 GMT 2024","3464","Surefire suite","Surefire test","school.redrover.runner.CucumberTest","school.redrover.runner.CucumberTest","runScenario","Runs Cucumber Scenarios",""
"passed","Tue Jun 25 18:41:44 GMT 2024","Tue Jun 25 18:41:45 GMT 2024","350","Surefire suite","Surefire test","school.redrover.FolderTest","school.redrover.FolderTest","testCreateProjectInvalidChar","testCreateProjectInvalidChar","Verify error message when create a folder with invalid character"
"passed","Tue Jun 25 18:37:36 GMT 2024","Tue Jun 25 18:37:37 GMT 2024","669","Surefire suite","Surefire test","school.redrover.PipelineTest","school.redrover.PipelineTest","testVerifyConfigureSectionsHaveTooltips","testVerifyConfigureSectionsHaveTooltips","Verify that three pipeline configure sections have toolTips"
"passed","Tue Jun 25 18:38:03 GMT 2024","Tue Jun 25 18:38:03 GMT 2024","333","Surefire suite","Surefire test","school.redrover.FreestyleProjectTest","school.redrover.FreestyleProjectTest","testCreateProjectEmptyName","testCreateProjectEmptyName","Check error when create the project with an empty name."
"passed","Tue Jun 25 18:42:32 GMT 2024","Tue Jun 25 18:42:33 GMT 2024","827","Surefire suite","Surefire test","school.redrover.UserTest","school.redrover.UserTest","testErrorMessageForEmptyFields","testErrorMessageForEmptyFields","Check create user form fields validation error messages for empty input"
"passed","Tue Jun 25 18:34:24 GMT 2024","Tue Jun 25 18:34:26 GMT 2024","1200","Surefire suite","Surefire test","school.redrover.PipelineTest","school.redrover.PipelineTest","testDisablePipeline","testDisablePipeline","Disable Pipeline and check message about it"
"passed","Tue Jun 25 18:30:20 GMT 2024","Tue Jun 25 18:30:20 GMT 2024","204","Surefire suite","Surefire test","school.redrover.MultibranchPipelineTest","school.redrover.MultibranchPipelineTest","testEnableProject","testEnableProject","Verify that a previously disabled project can be enabled back by checking that disable button is displayed"
"passed","Tue Jun 25 18:30:23 GMT 2024","Tue Jun 25 18:30:24 GMT 2024","1403","Surefire suite","Surefire test","school.redrover.MultibranchPipelineTest","school.redrover.MultibranchPipelineTest","testDeleteViaDashboardDropdown","testDeleteViaDashboardDropdown","Verify the deletion of Multibranch Pipeline via dropdown menu."
"passed","Tue Jun 25 18:44:40 GMT 2024","Tue Jun 25 18:44:41 GMT 2024","1078","Surefire suite","Surefire test","school.redrover.ManageJenkinsTest","school.redrover.ManageJenkinsTest","testManageJenkinsLinksRedirectionURL","testManageJenkinsLinksRedirectionURL","Check redirect to right URL after click on link"
"passed","Tue Jun 25 18:38:51 GMT 2024","Tue Jun 25 18:38:52 GMT 2024","371","Surefire suite","Surefire test","school.redrover.FreestyleProjectTest","school.redrover.FreestyleProjectTest","testCreateProjectInvalidCharsGetMessage","testCreateProjectInvalidCharsGetMessage","Verify error message for project creation with invalid characters."
"passed","Tue Jun 25 18:34:08 GMT 2024","Tue Jun 25 18:34:08 GMT 2024","168","Surefire suite","Surefire test","school.redrover.PipelineTest","school.redrover.PipelineTest","testCreatePipelineSameName","testCreatePipelineSameName","Verify that the pipeline project with the same name can`t be created"
"passed","Tue Jun 25 18:34:28 GMT 2024","Tue Jun 25 18:34:29 GMT 2024","331","Surefire suite","Surefire test","school.redrover.PipelineTest","school.redrover.PipelineTest","testPermalinksBuildDetails","testPermalinksBuildDetails","Check permalinks after build is scheduled"
"passed","Tue Jun 25 18:31:25 GMT 2024","Tue Jun 25 18:31:25 GMT 2024","918","Surefire suite","Surefire test","school.redrover.AppearanceTest","school.redrover.AppearanceTest","testDarkThemeApply","testDarkThemeApply","Change color theme to Dark and check It"
"passed","Tue Jun 25 18:30:14 GMT 2024","Tue Jun 25 18:30:14 GMT 2024","314","Surefire suite","Surefire test","school.redrover.NewItemTest","school.redrover.NewItemTest","testOpenCreateNewItemPage","testOpenCreateNewItemPage","Enter to New item page"
"passed","Tue Jun 25 18:31:17 GMT 2024","Tue Jun 25 18:31:19 GMT 2024","1822","Surefire suite","Surefire test","school.redrover.FooterTest","school.redrover.FooterTest","testVersionFooterOnEachPage","testVersionFooterOnEachPage","Check Jenkins version in the footer on the Home, New Item, People, Build History, Manage Jenkins, My Views pages"
"passed","Tue Jun 25 18:32:00 GMT 2024","Tue Jun 25 18:32:01 GMT 2024","1143","Surefire suite","Surefire test","school.redrover.BuildHistoryTest","school.redrover.BuildHistoryTest","testGetTableBuildHistory","testGetTableBuildHistory","Check the project is displayed in the table on Homepage"
"passed","Tue Jun 25 18:31:37 GMT 2024","Tue Jun 25 18:31:39 GMT 2024","1764","Surefire suite","Surefire test","school.redrover.runner.CucumberTest","school.redrover.runner.CucumberTest","runScenario","Runs Cucumber Scenarios",""
"passed","Tue Jun 25 18:31:46 GMT 2024","Tue Jun 25 18:31:46 GMT 2024","3","Surefire suite","Surefire test","school.redrover.APIJenkinsJobsTest","school.redrover.APIJenkinsJobsTest","testDelete","testDelete",""
"passed","Tue Jun 25 18:41:14 GMT 2024","Tue Jun 25 18:41:16 GMT 2024","1460","Surefire suite","Surefire test","school.redrover.HeaderTest","school.redrover.HeaderTest","testGoToMyViewsFromUsernameDropdown","testGoToMyViewsFromUsernameDropdown","Check 'My Views' page redirection from username dropdown"
"passed","Tue Jun 25 18:38:18 GMT 2024","Tue Jun 25 18:38:18 GMT 2024","233","Surefire suite","Surefire test","school.redrover.FreestyleProjectTest","school.redrover.FreestyleProjectTest","testCreateProjectInvalidCharsDisabledOkButton","testCreateProjectInvalidCharsDisabledOkButton","Check OK button disabled for invalid project names."
"passed","Tue Jun 25 18:29:16 GMT 2024","Tue Jun 25 18:29:17 GMT 2024","1069","Surefire suite","Surefire test","school.redrover.NewItemTest","school.redrover.NewItemTest","testCopyFromNotExistingJob","testCopyFromNotExistingJob","Try to copy an unexisting project"
"passed","Tue Jun 25 18:38:24 GMT 2024","Tue Jun 25 18:38:24 GMT 2024","230","Surefire suite","Surefire test","school.redrover.FreestyleProjectTest","school.redrover.FreestyleProjectTest","testCreateProjectInvalidCharsDisabledOkButton","testCreateProjectInvalidCharsDisabledOkButton","Check OK button disabled for invalid project names."
"passed","Tue Jun 25 18:35:38 GMT 2024","Tue Jun 25 18:35:39 GMT 2024","1340","Surefire suite","Surefire test","school.redrover.PipelineTest","school.redrover.PipelineTest","testSetPipelineSpeedDurabilityOverride","testSetPipelineSpeedDurabilityOverride","02.004.07 Verify that Custom Pipeline Speed Durability Level is saved"
"passed","Tue Jun 25 18:45:21 GMT 2024","Tue Jun 25 18:45:21 GMT 2024","602","Surefire suite","Surefire test","school.redrover.ManageJenkinsTest","school.redrover.ManageJenkinsTest","testRedirectionToCredentialsPage","testRedirectionToCredentialsPage","Check redirection to 'Credentials' page"
"passed","Tue Jun 25 18:35:14 GMT 2024","Tue Jun 25 18:35:17 GMT 2024","3506","Surefire suite","Surefire test","school.redrover.PipelineTest","school.redrover.PipelineTest","testSetParametersToThrottleBuilds","testSetParametersToThrottleBuilds","Set number of builds, time period in Throttle builds and verify message about time between builds after"
"passed","Tue Jun 25 18:43:24 GMT 2024","Tue Jun 25 18:43:25 GMT 2024","1119","Surefire suite","Surefire test","school.redrover.DashboardTest","school.redrover.DashboardTest","testFolderChevronMenu","testFolderChevronMenu","Check all Folder Chevron Menu Items exist"
"passed","Tue Jun 25 18:42:45 GMT 2024","Tue Jun 25 18:42:45 GMT 2024","719","Surefire suite","Surefire test","school.redrover.NodesTest","school.redrover.NodesTest","testCreateNodeWithOneLabel","testCreateNodeWithOneLabel","Create Node with one label"
"passed","Tue Jun 25 18:31:22 GMT 2024","Tue Jun 25 18:31:23 GMT 2024","1276","Surefire suite","Surefire test","school.redrover.AppearanceTest","school.redrover.AppearanceTest","testAppearanceQuantityOfThemesViaDashboardDropdown","testAppearanceQuantityOfThemesViaDashboardDropdown","Check number of color themes that are available"
"passed","Tue Jun 25 18:42:05 GMT 2024","Tue Jun 25 18:42:06 GMT 2024","1197","Surefire suite","Surefire test","school.redrover.FolderTest","school.redrover.FolderTest","testRenameFolderViaBreadcrumbs","testRenameFolderViaBreadcrumbs","Rename Folder via Breadcrumbs dropdown menu"
"passed","Tue Jun 25 18:41:17 GMT 2024","Tue Jun 25 18:41:17 GMT 2024","224","Surefire suite","Surefire test","school.redrover.HeaderTest","school.redrover.HeaderTest","testLogout","testLogout","Check user logout from header"
"passed","Tue Jun 25 18:34:10 GMT 2024","Tue Jun 25 18:34:14 GMT 2024","3632","Surefire suite","Surefire test","school.redrover.PipelineTest","school.redrover.PipelineTest","testDeleteDropdownMenu","testDeleteDropdownMenu","Delete project via dropdown menu"
"passed","Tue Jun 25 18:38:00 GMT 2024","Tue Jun 25 18:38:01 GMT 2024","1052","Surefire suite","Surefire test","school.redrover.FreestyleProjectTest","school.redrover.FreestyleProjectTest","testAddDescriptionUsingAddDescriptionButton","testAddDescriptionUsingAddDescriptionButton","Add project description by 'Add Description' button"
"passed","Tue Jun 25 18:43:27 GMT 2024","Tue Jun 25 18:43:28 GMT 2024","1226","Surefire suite","Surefire test","school.redrover.DashboardTest","school.redrover.DashboardTest","testPipelineChevronMenu","testPipelineChevronMenu","Check all Pipeline Project Menu Items exist"
"passed","Tue Jun 25 18:42:36 GMT 2024","Tue Jun 25 18:42:37 GMT 2024","1215","Surefire suite","Surefire test","school.redrover.NodesTest","school.redrover.NodesTest","testCreateNodeFromManageJenkins","testCreateNodeFromManageJenkins","Create Node from Manage Jenkins"
"passed","Tue Jun 25 18:34:39 GMT 2024","Tue Jun 25 18:34:40 GMT 2024","1041","Surefire suite","Surefire test","school.redrover.PipelineTest","school.redrover.PipelineTest","testFullStageViewButton","testFullStageViewButton","Project's name and 'Stage View' are displayed after clicking 'Full Stage View' button in the sidebar"
"passed","Tue Jun 25 18:45:19 GMT 2024","Tue Jun 25 18:45:19 GMT 2024","793","Surefire suite","Surefire test","school.redrover.ManageJenkinsTest","school.redrover.ManageJenkinsTest","testRedirectionToCredentialProvidersPage","testRedirectionToCredentialProvidersPage","Check redirection to 'Credential Providers' page"
"passed","Tue Jun 25 18:29:55 GMT 2024","Tue Jun 25 18:29:56 GMT 2024","367","Surefire suite","Surefire test","school.redrover.NewItemTest","school.redrover.NewItemTest","testInvalidValuesForProjectNameInput","testInvalidValuesForProjectNameInput","Check hint, when entering an unsafe character "
"passed","Tue Jun 25 18:31:46 GMT 2024","Tue Jun 25 18:31:46 GMT 2024","12","Surefire suite","Surefire test","school.redrover.APIJenkinsJobsTest","school.redrover.APIJenkinsJobsTest","testCreateNewJob","testCreateNewJob","Check the status code is returned 200 after jobs is created"
"passed","Tue Jun 25 18:38:40 GMT 2024","Tue Jun 25 18:38:41 GMT 2024","373","Surefire suite","Surefire test","school.redrover.FreestyleProjectTest","school.redrover.FreestyleProjectTest","testCreateProjectInvalidCharsGetMessage","testCreateProjectInvalidCharsGetMessage","Verify error message for project creation with invalid characters."
"passed","Tue Jun 25 18:39:33 GMT 2024","Tue Jun 25 18:39:34 GMT 2024","1229","Surefire suite","Surefire test","school.redrover.FreestyleProjectTest","school.redrover.FreestyleProjectTest","testRenameProjectViaBreadcrumbsDropdown","testRenameProjectViaBreadcrumbsDropdown","Rename project via breadcrumb navigation menu on project's page"
"passed","Tue Jun 25 18:43:37 GMT 2024","Tue Jun 25 18:43:37 GMT 2024","625","Surefire suite","Surefire test","school.redrover.ManageJenkinsTest","school.redrover.ManageJenkinsTest","testLinksDescriptionText","testLinksDescriptionText","Check link description text"
"passed","Tue Jun 25 18:32:11 GMT 2024","Tue Jun 25 18:32:14 GMT 2024","2491","Surefire suite","Surefire test","school.redrover.PipelineTest","school.redrover.PipelineTest","testColorWhenHoveringMouseOnFullStageViewButton","testColorWhenHoveringMouseOnFullStageViewButton","Button Color Changes on Hover"
"passed","Tue Jun 25 18:34:56 GMT 2024","Tue Jun 25 18:34:59 GMT 2024","3469","Surefire suite","Surefire test","school.redrover.PipelineTest","school.redrover.PipelineTest","testRunByBuildNowButton","testRunByBuildNowButton","02.003.03 Verify that build is finished successfully"
"passed","Tue Jun 25 18:30:53 GMT 2024","Tue Jun 25 18:30:55 GMT 2024","2154","Surefire suite","Surefire test","school.redrover.SearchBoxTest","school.redrover.SearchBoxTest","testFindFolderByOneLetter","testFindFolderByOneLetter","Check search for folder projects by first letter"
"passed","Tue Jun 25 18:30:49 GMT 2024","Tue Jun 25 18:30:50 GMT 2024","876","Surefire suite","Surefire test","school.redrover.MultibranchPipelineTest","school.redrover.MultibranchPipelineTest","testVerifyProjectSidebarMenuList","testVerifyProjectSidebarMenuList","Verify list of sidebar tasks for a project."
"passed","Tue Jun 25 18:43:18 GMT 2024","Tue Jun 25 18:43:19 GMT 2024","385","Surefire suite","Surefire test","school.redrover.DashboardTest","school.redrover.DashboardTest","testEditDescriptionOnDashboard","testEditDescriptionOnDashboard","Test existence and ability to change Dashboard Description"
"passed","Tue Jun 25 18:43:09 GMT 2024","Tue Jun 25 18:43:10 GMT 2024","1390","Surefire suite","Surefire test","school.redrover.DashboardTest","school.redrover.DashboardTest","testAddColumnIntoListView","testAddColumnIntoListView","Add column into 'List View' and check it"
"passed","Tue Jun 25 18:35:27 GMT 2024","Tue Jun 25 18:35:30 GMT 2024","3353","Surefire suite","Surefire test","school.redrover.PipelineTest","school.redrover.PipelineTest","testSetParametersToThrottleBuilds","testSetParametersToThrottleBuilds","Set number of builds, time period in Throttle builds and verify message about time between builds after"
"passed","Tue Jun 25 18:40:26 GMT 2024","Tue Jun 25 18:40:27 GMT 2024","787","Surefire suite","Surefire test","school.redrover.MultiConfigurationProjectTest","school.redrover.MultiConfigurationProjectTest","testCreateMultiConfigurationProject","testCreateMultiConfigurationProject","Create project with valid name"
"passed","Tue Jun 25 18:29:32 GMT 2024","Tue Jun 25 18:29:35 GMT 2024","2281","Surefire suite","Surefire test","school.redrover.NewItemTest","school.redrover.NewItemTest","testCopyFromExistingJob","testCopyFromExistingJob"," Create a new item from other existing one for ALL types of jobs."
"passed","Tue Jun 25 18:34:48 GMT 2024","Tue Jun 25 18:34:50 GMT 2024","1944","Surefire suite","Surefire test","school.redrover.PipelineTest","school.redrover.PipelineTest","testPipelineDescriptionTextAreaBacklightDefaultColor","testPipelineDescriptionTextAreaBacklightDefaultColor","Verify text area border backlight color by default"
"passed","Tue Jun 25 18:31:29 GMT 2024","Tue Jun 25 18:31:30 GMT 2024","1406","Surefire suite","Surefire test","school.redrover.AppearanceTest","school.redrover.AppearanceTest","testDarkThemeSwitchNotification","testDarkThemeSwitchNotification","Change color theme to Dark and wait notification 'Saved'"
"passed","Tue Jun 25 18:43:32 GMT 2024","Tue Jun 25 18:43:33 GMT 2024","1092","Surefire suite","Surefire test","school.redrover.DashboardTest","school.redrover.DashboardTest","testMultibranchPipelineChevronMenu","testMultibranchPipelineChevronMenu","Check all Multibranch Pipeline Menu Items exist"
"passed","Tue Jun 25 18:38:42 GMT 2024","Tue Jun 25 18:38:42 GMT 2024","374","Surefire suite","Surefire test","school.redrover.FreestyleProjectTest","school.redrover.FreestyleProjectTest","testCreateProjectInvalidCharsGetMessage","testCreateProjectInvalidCharsGetMessage","Verify error message for project creation with invalid characters."
"passed","Tue Jun 25 18:43:12 GMT 2024","Tue Jun 25 18:43:14 GMT 2024","1522","Surefire suite","Surefire test","school.redrover.DashboardTest","school.redrover.DashboardTest","testAddColumnToView","testAddColumnToView","Check new column is added to the View Headline"
"passed","Tue Jun 25 18:30:44 GMT 2024","Tue Jun 25 18:30:45 GMT 2024","1105","Surefire suite","Surefire test","school.redrover.MultibranchPipelineTest","school.redrover.MultibranchPipelineTest","testRenameProjectViaMainPageDropdownMenu","testRenameProjectViaMainPageDropdownMenu","Verifies a project can be successfully renamed via dropdown menu"
"passed","Tue Jun 25 18:31:46 GMT 2024","Tue Jun 25 18:31:46 GMT 2024","10","Surefire suite","Surefire test","school.redrover.APIJenkinsJobsTest","school.redrover.APIJenkinsJobsTest","testCreateNewJob","testCreateNewJob","Check the status code is returned 200 after jobs is created"
"passed","Tue Jun 25 18:37:40 GMT 2024","Tue Jun 25 18:37:41 GMT 2024","787","Surefire suite","Surefire test","school.redrover.PipelineTest","school.redrover.PipelineTest","testVerifyConfigureSectionsHaveTooltips","testVerifyConfigureSectionsHaveTooltips","Verify that three pipeline configure sections have toolTips"
"passed","Tue Jun 25 18:45:15 GMT 2024","Tue Jun 25 18:45:16 GMT 2024","807","Surefire suite","Surefire test","school.redrover.ManageJenkinsTest","school.redrover.ManageJenkinsTest","testRedirectionToAppearancePage","testRedirectionToAppearancePage","Check redirection to 'Appearance' page"
"passed","Tue Jun 25 18:30:02 GMT 2024","Tue Jun 25 18:30:03 GMT 2024","388","Surefire suite","Surefire test","school.redrover.NewItemTest","school.redrover.NewItemTest","testInvalidValuesForProjectNameInput","testInvalidValuesForProjectNameInput","Check hint, when entering an unsafe character "
"passed","Tue Jun 25 18:44:10 GMT 2024","Tue Jun 25 18:44:11 GMT 2024","860","Surefire suite","Surefire test","school.redrover.ManageJenkinsTest","school.redrover.ManageJenkinsTest","testManageJenkinsLinksRedirectToPage","testManageJenkinsLinksRedirectToPage","Check page title after click on link"
"passed","Tue Jun 25 18:38:39 GMT 2024","Tue Jun 25 18:38:39 GMT 2024","239","Surefire suite","Surefire test","school.redrover.FreestyleProjectTest","school.redrover.FreestyleProjectTest","testCreateProjectInvalidCharsGetMessage","testCreateProjectInvalidCharsGetMessage","Verify error message for project creation with invalid characters."
"passed","Tue Jun 25 18:31:52 GMT 2024","Tue Jun 25 18:31:59 GMT 2024","6252","Surefire suite","Surefire test","school.redrover.BuildHistoryTest","school.redrover.BuildHistoryTest","testCheckBuildOnBoard","testCheckBuildOnBoard","Check the project is displayed in the table on Homepage"
"passed","Tue Jun 25 18:39:46 GMT 2024","Tue Jun 25 18:39:46 GMT 2024","15","Surefire suite","Surefire test","school.redrover.OrganizationFolderTest","school.redrover.OrganizationFolderTest","testProjectPresenceOnDashboard","testProjectPresenceOnDashboard","Verify the creation of a project on Dashboard"
"passed","Tue Jun 25 18:29:57 GMT 2024","Tue Jun 25 18:29:57 GMT 2024","363","Surefire suite","Surefire test","school.redrover.NewItemTest","school.redrover.NewItemTest","testInvalidValuesForProjectNameInput","testInvalidValuesForProjectNameInput","Check hint, when entering an unsafe character "
"passed","Tue Jun 25 18:38:13 GMT 2024","Tue Jun 25 18:38:13 GMT 2024","217","Surefire suite","Surefire test","school.redrover.FreestyleProjectTest","school.redrover.FreestyleProjectTest","testCreateProjectInvalidCharsDisabledOkButton","testCreateProjectInvalidCharsDisabledOkButton","Check OK button disabled for invalid project names."
"passed","Tue Jun 25 18:38:33 GMT 2024","Tue Jun 25 18:38:34 GMT 2024","358","Surefire suite","Surefire test","school.redrover.FreestyleProjectTest","school.redrover.FreestyleProjectTest","testCreateProjectInvalidCharsGetMessage","testCreateProjectInvalidCharsGetMessage","Verify error message for project creation with invalid characters."
"passed","Tue Jun 25 18:42:08 GMT 2024","Tue Jun 25 18:42:09 GMT 2024","1036","Surefire suite","Surefire test","school.redrover.FolderTest","school.redrover.FolderTest","testRenameFolderViaSidebarMenu","testRenameFolderViaSidebarMenu","Rename Folder via sidebar"
"passed","Tue Jun 25 18:35:03 GMT 2024","Tue Jun 25 18:35:04 GMT 2024","1444","Surefire suite","Surefire test","school.redrover.PipelineTest","school.redrover.PipelineTest","testSetDoubleQuietPeriodBuildTriggers","testSetDoubleQuietPeriodBuildTriggers","02.004.10 Verify that user is not able to set double value to Quiet Period Build Triggers"
"passed","Tue Jun 25 18:40:12 GMT 2024","Tue Jun 25 18:40:13 GMT 2024","1236","Surefire suite","Surefire test","school.redrover.OrganizationFolderTest","school.redrover.OrganizationFolderTest","testThrottleBuildsTimePeriodOptions","testThrottleBuildsTimePeriodOptions","Verify that the 'Throttle Builds' dropdown contains the correct time period options."
"passed","Tue Jun 25 18:39:25 GMT 2024","Tue Jun 25 18:39:27 GMT 2024","1941","Surefire suite","Surefire test","school.redrover.FreestyleProjectTest","school.redrover.FreestyleProjectTest","testMoveProjectToFolderViaBreadcrumb","testMoveProjectToFolderViaBreadcrumb","Move the project to a Folder via breadcrumbs"
"passed","Tue Jun 25 18:40:19 GMT 2024","Tue Jun 25 18:40:20 GMT 2024","1247","Surefire suite","Surefire test","school.redrover.MultiConfigurationProjectTest","school.redrover.MultiConfigurationProjectTest","testAddDescription","testAddDescription","Adding the project description"
"passed","Tue Jun 25 18:40:16 GMT 2024","Tue Jun 25 18:40:18 GMT 2024","1844","Surefire suite","Surefire test","school.redrover.APITest","school.redrover.APITest","restAssuredTest","restAssuredTest",""
"passed","Tue Jun 25 18:40:47 GMT 2024","Tue Jun 25 18:40:48 GMT 2024","1325","Surefire suite","Surefire test","school.redrover.MultiConfigurationProjectTest","school.redrover.MultiConfigurationProjectTest","testEditDescriptionWithoutDelete","testEditDescriptionWithoutDelete","Add some text above to existing description of the project"
"passed","Tue Jun 25 18:40:35 GMT 2024","Tue Jun 25 18:40:36 GMT 2024","1512","Surefire suite","Surefire test","school.redrover.MultiConfigurationProjectTest","school.redrover.MultiConfigurationProjectTest","testDeleteProjectDescription","testDeleteProjectDescription","Delete project description"
"passed","Tue Jun 25 18:38:47 GMT 2024","Tue Jun 25 18:38:47 GMT 2024","372","Surefire suite","Surefire test","school.redrover.FreestyleProjectTest","school.redrover.FreestyleProjectTest","testCreateProjectInvalidCharsGetMessage","testCreateProjectInvalidCharsGetMessage","Verify error message for project creation with invalid characters."
"passed","Tue Jun 25 18:41:52 GMT 2024","Tue Jun 25 18:41:53 GMT 2024","297","Surefire suite","Surefire test","school.redrover.FolderTest","school.redrover.FolderTest","testDeleteFolder","testDeleteFolder","Delete folder from folder's page using left menu panel"
"passed","Tue Jun 25 18:40:42 GMT 2024","Tue Jun 25 18:40:43 GMT 2024","1109","Surefire suite","Surefire test","school.redrover.MultiConfigurationProjectTest","school.redrover.MultiConfigurationProjectTest","testDescriptionPreview","testDescriptionPreview","Check, the text in a preview field equals to the text in the description field"
"passed","Tue Jun 25 18:40:44 GMT 2024","Tue Jun 25 18:40:45 GMT 2024","1129","Surefire suite","Surefire test","school.redrover.MultiConfigurationProjectTest","school.redrover.MultiConfigurationProjectTest","testDisableProjectOnProjectPage","testDisableProjectOnProjectPage","Check, that disable Message appears, when a project is disabled"
"passed","Tue Jun 25 18:45:11 GMT 2024","Tue Jun 25 18:45:12 GMT 2024","702","Surefire suite","Surefire test","school.redrover.ManageJenkinsTest","school.redrover.ManageJenkinsTest","testManageJenkinsLinksRedirectionURL","testManageJenkinsLinksRedirectionURL","Check redirect to right URL after click on link"
"passed","Tue Jun 25 18:30:22 GMT 2024","Tue Jun 25 18:30:22 GMT 2024","244","Surefire suite","Surefire test","school.redrover.MultibranchPipelineTest","school.redrover.MultibranchPipelineTest","testCreateProjectWithEmptyName","testCreateProjectWithEmptyName","Verify error message is displayed when creating a project without a name"
"passed","Tue Jun 25 18:33:23 GMT 2024","Tue Jun 25 18:33:27 GMT 2024","3527","Surefire suite","Surefire test","school.redrover.PipelineTest","school.redrover.PipelineTest","testBuildWithoutScriptRepository","testBuildWithoutScriptRepository","02.004.11 Verify that build is failed when user set to use Pipeline script from repository and don't set the repository"
"passed","Tue Jun 25 18:44:20 GMT 2024","Tue Jun 25 18:44:20 GMT 2024","734","Surefire suite","Surefire test","school.redrover.ManageJenkinsTest","school.redrover.ManageJenkinsTest","testManageJenkinsLinksRedirectToPage","testManageJenkinsLinksRedirectToPage","Check page title after click on link"
"passed","Tue Jun 25 18:45:51 GMT 2024","Tue Jun 25 18:45:52 GMT 2024","666","Surefire suite","Surefire test","school.redrover.ManageJenkinsTest","school.redrover.ManageJenkinsTest","testSearchInputPressSlashKeyActivation","testSearchInputPressSlashKeyActivation","Check that slash key press activates the search input"
"passed","Tue Jun 25 18:38:46 GMT 2024","Tue Jun 25 18:38:46 GMT 2024","246","Surefire suite","Surefire test","school.redrover.FreestyleProjectTest","school.redrover.FreestyleProjectTest","testCreateProjectInvalidCharsGetMessage","testCreateProjectInvalidCharsGetMessage","Verify error message for project creation with invalid characters."
"passed","Tue Jun 25 18:32:05 GMT 2024","Tue Jun 25 18:32:06 GMT 2024","669","Surefire suite","Surefire test","school.redrover.PipelineTest","school.redrover.PipelineTest","testAddDescriptionPreview","testAddDescriptionPreview","Use preview option to view description"
"passed","Tue Jun 25 18:38:28 GMT 2024","Tue Jun 25 18:38:28 GMT 2024","364","Surefire suite","Surefire test","school.redrover.FreestyleProjectTest","school.redrover.FreestyleProjectTest","testCreateProjectInvalidCharsDisabledOkButton","testCreateProjectInvalidCharsDisabledOkButton","Check OK button disabled for invalid project names."
"passed","Tue Jun 25 18:31:14 GMT 2024","Tue Jun 25 18:31:14 GMT 2024","614","Surefire suite","Surefire test","school.redrover.FooterTest","school.redrover.FooterTest","testLinkButtonsListInVersionDropdown","testLinkButtonsListInVersionDropdown","Check a drop-down list upon clicking on the 'Jenkins 2.440.2' button"
"passed","Tue Jun 25 18:40:29 GMT 2024","Tue Jun 25 18:40:29 GMT 2024","390","Surefire suite","Surefire test","school.redrover.MultiConfigurationProjectTest","school.redrover.MultiConfigurationProjectTest","testCreateProjectWithoutName","testCreateProjectWithoutName","Create project with empty name"
"passed","Tue Jun 25 18:38:54 GMT 2024","Tue Jun 25 18:38:55 GMT 2024","364","Surefire suite","Surefire test","school.redrover.FreestyleProjectTest","school.redrover.FreestyleProjectTest","testCreateProjectInvalidCharsGetMessage","testCreateProjectInvalidCharsGetMessage","Verify error message for project creation with invalid characters."
"passed","Tue Jun 25 18:45:13 GMT 2024","Tue Jun 25 18:45:14 GMT 2024","1111","Surefire suite","Surefire test","school.redrover.ManageJenkinsTest","school.redrover.ManageJenkinsTest","testRedirectionToAboutJenkinsPage","testRedirectionToAboutJenkinsPage","Check redirection to 'About Jenkins' page"
"passed","Tue Jun 25 18:29:58 GMT 2024","Tue Jun 25 18:29:58 GMT 2024","382","Surefire suite","Surefire test","school.redrover.NewItemTest","school.redrover.NewItemTest","testInvalidValuesForProjectNameInput","testInvalidValuesForProjectNameInput","Check hint, when entering an unsafe character "
"passed","Tue Jun 25 18:45:17 GMT 2024","Tue Jun 25 18:45:18 GMT 2024","715","Surefire suite","Surefire test","school.redrover.ManageJenkinsTest","school.redrover.ManageJenkinsTest","testRedirectionToCloudsPage","testRedirectionToCloudsPage","Check redirection to 'Clouds' page"
"passed","Tue Jun 25 18:31:04 GMT 2024","Tue Jun 25 18:31:05 GMT 2024","824","Surefire suite","Surefire test","school.redrover.SearchBoxTest","school.redrover.SearchBoxTest","testSearchWithInsensitiveSearchOff","testSearchWithInsensitiveSearchOff","Check case sensitive search"
"passed","Tue Jun 25 18:29:45 GMT 2024","Tue Jun 25 18:29:45 GMT 2024","463","Surefire suite","Surefire test","school.redrover.NewItemTest","school.redrover.NewItemTest","testCreateItemEmptyNameNegative","testCreateItemEmptyNameNegative","It is impossible to create a new item after clearing Item Name input Field  "
"passed","Tue Jun 25 18:37:57 GMT 2024","Tue Jun 25 18:37:59 GMT 2024","1897","Surefire suite","Surefire test","school.redrover.PipelineTest","school.redrover.PipelineTest","testYesButtonColorDeletingPipelineInSidebar","testYesButtonColorDeletingPipelineInSidebar","Verify the pop-up 'Yes' button color is red if user deletes Pipeline using sidebar"
"passed","Tue Jun 25 18:38:19 GMT 2024","Tue Jun 25 18:38:20 GMT 2024","373","Surefire suite","Surefire test","school.redrover.FreestyleProjectTest","school.redrover.FreestyleProjectTest","testCreateProjectInvalidCharsDisabledOkButton","testCreateProjectInvalidCharsDisabledOkButton","Check OK button disabled for invalid project names."
"passed","Tue Jun 25 18:45:02 GMT 2024","Tue Jun 25 18:45:03 GMT 2024","759","Surefire suite","Surefire test","school.redrover.ManageJenkinsTest","school.redrover.ManageJenkinsTest","testManageJenkinsLinksRedirectionURL","testManageJenkinsLinksRedirectionURL","Check redirect to right URL after click on link"
"passed","Tue Jun 25 18:38:07 GMT 2024","Tue Jun 25 18:38:08 GMT 2024","364","Surefire suite","Surefire test","school.redrover.FreestyleProjectTest","school.redrover.FreestyleProjectTest","testCreateProjectInvalidCharsDisabledOkButton","testCreateProjectInvalidCharsDisabledOkButton","Check OK button disabled for invalid project names."
"passed","Tue Jun 25 18:30:04 GMT 2024","Tue Jun 25 18:30:04 GMT 2024","340","Surefire suite","Surefire test","school.redrover.NewItemTest","school.redrover.NewItemTest","testInvalidValuesForProjectNameInput","testInvalidValuesForProjectNameInput","Check hint, when entering an unsafe character "
"passed","Tue Jun 25 18:30:12 GMT 2024","Tue Jun 25 18:30:13 GMT 2024","351","Surefire suite","Surefire test","school.redrover.NewItemTest","school.redrover.NewItemTest","testInvalidValuesForProjectNameInput","testInvalidValuesForProjectNameInput","Check hint, when entering an unsafe character "
"passed","Tue Jun 25 18:44:34 GMT 2024","Tue Jun 25 18:44:35 GMT 2024","785","Surefire suite","Surefire test","school.redrover.ManageJenkinsTest","school.redrover.ManageJenkinsTest","testManageJenkinsLinksRedirectToPage","testManageJenkinsLinksRedirectToPage","Check page title after click on link"
"passed","Tue Jun 25 18:41:26 GMT 2024","Tue Jun 25 18:41:26 GMT 2024","366","Surefire suite","Surefire test","school.redrover.PeopleTest","school.redrover.PeopleTest","testChangeIconSizeToSmall","testChangeIconSizeToSmall","Check icon size after change to Small"
"passed","Tue Jun 25 18:29:26 GMT 2024","Tue Jun 25 18:29:28 GMT 2024","1863","Surefire suite","Surefire test","school.redrover.NewItemTest","school.redrover.NewItemTest","testCopyFromExistingJob","testCopyFromExistingJob"," Create a new item from other existing one for ALL types of jobs."
"passed","Tue Jun 25 18:39:44 GMT 2024","Tue Jun 25 18:39:45 GMT 2024","687","Surefire suite","Surefire test","school.redrover.OrganizationFolderTest","school.redrover.OrganizationFolderTest","testCreateViaSidebarMenu","testCreateViaSidebarMenu","Verify the creation of a project via Sidebar menu."
"passed","Tue Jun 25 18:38:17 GMT 2024","Tue Jun 25 18:38:17 GMT 2024","361","Surefire suite","Surefire test","school.redrover.FreestyleProjectTest","school.redrover.FreestyleProjectTest","testCreateProjectInvalidCharsDisabledOkButton","testCreateProjectInvalidCharsDisabledOkButton","Check OK button disabled for invalid project names."
"passed","Tue Jun 25 18:30:31 GMT 2024","Tue Jun 25 18:30:32 GMT 2024","904","Surefire suite","Surefire test","school.redrover.MultibranchPipelineTest","school.redrover.MultibranchPipelineTest","testDisabledProjectToggleStatus","testDisabledProjectToggleStatus","Verify that the status toggle of a project reflects that the project is disabled."
"passed","Tue Jun 25 18:34:15 GMT 2024","Tue Jun 25 18:34:19 GMT 2024","3672","Surefire suite","Surefire test","school.redrover.PipelineTest","school.redrover.PipelineTest","testDeleteSidebarMenu","testDeleteSidebarMenu","Delete project via sidebar menu 'Delete Pipeline'"
"passed","Tue Jun 25 18:38:44 GMT 2024","Tue Jun 25 18:38:45 GMT 2024","378","Surefire suite","Surefire test","school.redrover.FreestyleProjectTest","school.redrover.FreestyleProjectTest","testCreateProjectInvalidCharsGetMessage","testCreateProjectInvalidCharsGetMessage","Verify error message for project creation with invalid characters."
"passed","Tue Jun 25 18:41:09 GMT 2024","Tue Jun 25 18:41:10 GMT 2024","919","Surefire suite","Surefire test","school.redrover.MultiConfigurationProjectTest","school.redrover.MultiConfigurationProjectTest","testYesButtonColorDeletingMultiConfigurationProjectInSidebar","testYesButtonColorDeletingMultiConfigurationProjectInSidebar","Checking 'Yes' button color when delete project"
"passed","Tue Jun 25 18:34:28 GMT 2024","Tue Jun 25 18:34:28 GMT 2024","310","Surefire suite","Surefire test","school.redrover.PipelineTest","school.redrover.PipelineTest","testEnableBack","testEnableBack","Verify disabled project can be enabled"
"passed","Tue Jun 25 18:30:41 GMT 2024","Tue Jun 25 18:30:43 GMT 2024","2267","Surefire suite","Surefire test","school.redrover.MultibranchPipelineTest","school.redrover.MultibranchPipelineTest","testDeleteViaBreadcrumbs","testDeleteViaBreadcrumbs","Verify the deletion of Multibranch Pipeline via Breadcrumbs."
"passed","Tue Jun 25 18:45:09 GMT 2024","Tue Jun 25 18:45:10 GMT 2024","712","Surefire suite","Surefire test","school.redrover.ManageJenkinsTest","school.redrover.ManageJenkinsTest","testManageJenkinsLinksRedirectionURL","testManageJenkinsLinksRedirectionURL","Check redirect to right URL after click on link"
"passed","Tue Jun 25 18:43:26 GMT 2024","Tue Jun 25 18:43:26 GMT 2024","106","Surefire suite","Surefire test","school.redrover.DashboardTest","school.redrover.DashboardTest","testSortItemsByNameInTable","testSortItemsByNameInTable","Check items sorting by Name in natural and reverse order"
"passed","Tue Jun 25 18:44:48 GMT 2024","Tue Jun 25 18:44:48 GMT 2024","701","Surefire suite","Surefire test","school.redrover.ManageJenkinsTest","school.redrover.ManageJenkinsTest","testManageJenkinsLinksRedirectionURL","testManageJenkinsLinksRedirectionURL","Check redirect to right URL after click on link"
"passed","Tue Jun 25 18:41:46 GMT 2024","Tue Jun 25 18:41:46 GMT 2024","680","Surefire suite","Surefire test","school.redrover.FolderTest","school.redrover.FolderTest","testCreateViaCreateAJob","testCreateViaCreateAJob","Verify the creation of a folder via Create a job"
"passed","Tue Jun 25 18:31:11 GMT 2024","Tue Jun 25 18:31:13 GMT 2024","1372","Surefire suite","Surefire test","school.redrover.FooterTest","school.redrover.FooterTest","testJenkinsInformationFooter","testJenkinsInformationFooter","Check tab bar menu items on the 'About Jenkins' page"
"passed","Tue Jun 25 18:29:36 GMT 2024","Tue Jun 25 18:29:38 GMT 2024","2108","Surefire suite","Surefire test","school.redrover.NewItemTest","school.redrover.NewItemTest","testCopyFromExistingJob","testCopyFromExistingJob"," Create a new item from other existing one for ALL types of jobs."
"passed","Tue Jun 25 18:42:46 GMT 2024","Tue Jun 25 18:42:47 GMT 2024","674","Surefire suite","Surefire test","school.redrover.NodesTest","school.redrover.NodesTest","testCreatedNodeIsInNodesTable","testCreatedNodeIsInNodesTable","Verify a created via home page Node can be seen in Nodes table"
"passed","Tue Jun 25 18:43:47 GMT 2024","Tue Jun 25 18:43:47 GMT 2024","490","Surefire suite","Surefire test","school.redrover.ManageJenkinsTest","school.redrover.ManageJenkinsTest","testLinksDescriptionText","testLinksDescriptionText","Check link description text"
"passed","Tue Jun 25 18:43:31 GMT 2024","Tue Jun 25 18:43:32 GMT 2024","1155","Surefire suite","Surefire test","school.redrover.DashboardTest","school.redrover.DashboardTest","testFreestyleProjectChevronMenu","testFreestyleProjectChevronMenu","Check all Freestyle Project Menu Items exist"
"passed","Tue Jun 25 18:29:29 GMT 2024","Tue Jun 25 18:29:31 GMT 2024","1816","Surefire suite","Surefire test","school.redrover.NewItemTest","school.redrover.NewItemTest","testCopyFromExistingJob","testCopyFromExistingJob"," Create a new item from other existing one for ALL types of jobs."
"passed","Tue Jun 25 18:39:28 GMT 2024","Tue Jun 25 18:39:29 GMT 2024","1818","Surefire suite","Surefire test","school.redrover.FreestyleProjectTest","school.redrover.FreestyleProjectTest","testMoveProjectToFolderViaSideBar","testMoveProjectToFolderViaSideBar","Move the project to a Folder via the sidebar"
"passed","Tue Jun 25 18:43:40 GMT 2024","Tue Jun 25 18:43:41 GMT 2024","487","Surefire suite","Surefire test","school.redrover.ManageJenkinsTest","school.redrover.ManageJenkinsTest","testLinksDescriptionText","testLinksDescriptionText","Check link description text"
"passed","Tue Jun 25 18:40:14 GMT 2024","Tue Jun 25 18:40:16 GMT 2024","1674","Surefire suite","Surefire test","school.redrover.OrganizationFolderTest","school.redrover.OrganizationFolderTest","testUntrustedPropertyCheckboxesSelectedUponSaving","testUntrustedPropertyCheckboxesSelectedUponSaving","Verify that the untrusted property checkboxes remain selected after saving the configuration."
"passed","Tue Jun 25 18:30:59 GMT 2024","Tue Jun 25 18:31:03 GMT 2024","3306","Surefire suite","Surefire test","school.redrover.SearchBoxTest","school.redrover.SearchBoxTest","testSearchUsingSuggestList","testSearchUsingSuggestList","Check redirection from search box suggestion list"
"passed","Tue Jun 25 18:38:01 GMT 2024","Tue Jun 25 18:38:02 GMT 2024","234","Surefire suite","Surefire test","school.redrover.FreestyleProjectTest","school.redrover.FreestyleProjectTest","testDeleteProjectDescription","testDeleteProjectDescription","Delete project description"
"passed","Tue Jun 25 18:34:51 GMT 2024","Tue Jun 25 18:34:52 GMT 2024","1473","Surefire suite","Surefire test","school.redrover.PipelineTest","school.redrover.PipelineTest","testRenameJobViaBreadcrumbs","testRenameJobViaBreadcrumbs","Rename project via breadcrumbs"
"passed","Tue Jun 25 18:30:46 GMT 2024","Tue Jun 25 18:30:48 GMT 2024","1235","Surefire suite","Surefire test","school.redrover.MultibranchPipelineTest","school.redrover.MultibranchPipelineTest","testRenameProjectWithNameSameAsCurrent","testRenameProjectWithNameSameAsCurrent","Verify error message is displayed when attempting to rename project to the same name"
"passed","Tue Jun 25 18:43:34 GMT 2024","Tue Jun 25 18:43:34 GMT 2024","152","Surefire suite","Surefire test","school.redrover.DashboardTest","school.redrover.DashboardTest","testStartPageHeading","testStartPageHeading","Verify Start Page Header"
"passed","Tue Jun 25 18:30:51 GMT 2024","Tue Jun 25 18:30:51 GMT 2024","865","Surefire suite","Surefire test","school.redrover.SearchBoxTest","school.redrover.SearchBoxTest","testAccessToUserDoc","testAccessToUserDoc","Check tutorial icon redirection"
"passed","Tue Jun 25 18:35:31 GMT 2024","Tue Jun 25 18:35:34 GMT 2024","3287","Surefire suite","Surefire test","school.redrover.PipelineTest","school.redrover.PipelineTest","testSetParametersToThrottleBuilds","testSetParametersToThrottleBuilds","Set number of builds, time period in Throttle builds and verify message about time between builds after"
"passed","Tue Jun 25 18:43:17 GMT 2024","Tue Jun 25 18:43:17 GMT 2024","748","Surefire suite","Surefire test","school.redrover.DashboardTest","school.redrover.DashboardTest","testBackgroundColorOfViewName","testBackgroundColorOfViewName","Check background of active, hover and inactive Views"
"passed","Tue Jun 25 18:39:52 GMT 2024","Tue Jun 25 18:39:53 GMT 2024","642","Surefire suite","Surefire test","school.redrover.OrganizationFolderTest","school.redrover.OrganizationFolderTest","testCreateWithDefaultIcon","testCreateWithDefaultIcon","Verify creation of the project with the default icon."
"passed","Tue Jun 25 18:31:46 GMT 2024","Tue Jun 25 18:31:46 GMT 2024","84","Surefire suite","Surefire test","school.redrover.APIJenkinsJobsTest","school.redrover.APIJenkinsJobsTest","testRunJob","testRunJob","Check the status of job after Run"
"passed","Tue Jun 25 18:38:11 GMT 2024","Tue Jun 25 18:38:12 GMT 2024","369","Surefire suite","Surefire test","school.redrover.FreestyleProjectTest","school.redrover.FreestyleProjectTest","testCreateProjectInvalidCharsDisabledOkButton","testCreateProjectInvalidCharsDisabledOkButton","Check OK button disabled for invalid project names."
"passed","Tue Jun 25 18:41:42 GMT 2024","Tue Jun 25 18:41:43 GMT 2024","1026","Surefire suite","Surefire test","school.redrover.FolderTest","school.redrover.FolderTest","testAddDescription","testAddDescription","Add description of the folder and save it"
"passed","Tue Jun 25 18:45:27 GMT 2024","Tue Jun 25 18:45:28 GMT 2024","579","Surefire suite","Surefire test","school.redrover.ManageJenkinsTest","school.redrover.ManageJenkinsTest","testRedirectionToNodesPage","testRedirectionToNodesPage","Check redirection to 'Nodes' page"
"passed","Tue Jun 25 18:38:59 GMT 2024","Tue Jun 25 18:39:00 GMT 2024","849","Surefire suite","Surefire test","school.redrover.FreestyleProjectTest","school.redrover.FreestyleProjectTest","testCreateProjectWithLongestName","testCreateProjectWithLongestName","Check error for project creation with a name exceeding character limit."
"passed","Tue Jun 25 18:41:01 GMT 2024","Tue Jun 25 18:41:02 GMT 2024","974","Surefire suite","Surefire test","school.redrover.MultiConfigurationProjectTest","school.redrover.MultiConfigurationProjectTest","testCheckTooltipEnablingMultiConfigurationProject","testCheckTooltipEnablingMultiConfigurationProject","Get tooltip information 'Enable or disable the current project' by hovering on a Toggle Switch"
"passed","Tue Jun 25 18:41:23 GMT 2024","Tue Jun 25 18:41:24 GMT 2024","351","Surefire suite","Surefire test","school.redrover.PeopleTest","school.redrover.PeopleTest","testChangeIconSizeToLarge","testChangeIconSizeToLarge","Check icon size after change to Large"
"passed","Tue Jun 25 18:35:35 GMT 2024","Tue Jun 25 18:35:37 GMT 2024","1621","Surefire suite","Surefire test","school.redrover.PipelineTest","school.redrover.PipelineTest","testSetPipelineScript","testSetPipelineScript","Set 'Hello world' pipeline script"
"passed","Tue Jun 25 18:34:41 GMT 2024","Tue Jun 25 18:34:42 GMT 2024","1607","Surefire suite","Surefire test","school.redrover.PipelineTest","school.redrover.PipelineTest","testFullStageViewButtonInDropdown","testFullStageViewButtonInDropdown","Verify the heading after clicking the ‘Full Stage View’ button in the dropdown menu displays"
"passed","Tue Jun 25 18:31:35 GMT 2024","Tue Jun 25 18:31:35 GMT 2024","1","Surefire suite","Surefire test","school.redrover.runner.order.OrderForTestsTest","school.redrover.runner.order.OrderForTestsTest","orderMethodsTest","orderMethodsTest",""
"passed","Tue Jun 25 18:39:59 GMT 2024","Tue Jun 25 18:40:01 GMT 2024","1983","Surefire suite","Surefire test","school.redrover.OrganizationFolderTest","school.redrover.OrganizationFolderTest","testPipelineSyntaxDeclarativeDocumentationAccess","testPipelineSyntaxDeclarativeDocumentationAccess","Verify access to the declarative documentation for pipeline syntax."
"passed","Tue Jun 25 18:32:04 GMT 2024","Tue Jun 25 18:32:04 GMT 2024","311","Surefire suite","Surefire test","school.redrover.PipelineTest","school.redrover.PipelineTest","testEditDescription","testEditDescription","Edit current description"
"passed","Tue Jun 25 18:32:07 GMT 2024","Tue Jun 25 18:32:08 GMT 2024","899","Surefire suite","Surefire test","school.redrover.PipelineTest","school.redrover.PipelineTest","testAddDisplayNameInAdvancedSection","testAddDisplayNameInAdvancedSection","Verify add display name in advanced section"
"passed","Tue Jun 25 18:38:15 GMT 2024","Tue Jun 25 18:38:16 GMT 2024","364","Surefire suite","Surefire test","school.redrover.FreestyleProjectTest","school.redrover.FreestyleProjectTest","testCreateProjectInvalidCharsDisabledOkButton","testCreateProjectInvalidCharsDisabledOkButton","Check OK button disabled for invalid project names."
"passed","Tue Jun 25 18:30:58 GMT 2024","Tue Jun 25 18:30:58 GMT 2024","265","Surefire suite","Surefire test","school.redrover.SearchBoxTest","school.redrover.SearchBoxTest","testSearchResultHeading","testSearchResultHeading","Check heading for search results page"
"passed","Tue Jun 25 18:31:50 GMT 2024","Tue Jun 25 18:31:51 GMT 2024","1017","Surefire suite","Surefire test","school.redrover.BuildHistoryTest","school.redrover.BuildHistoryTest","testBuildScheduledMessage","testBuildScheduledMessage","Check 'Build Scheduled' notification is displayed"
"passed","Tue Jun 25 18:41:49 GMT 2024","Tue Jun 25 18:41:50 GMT 2024","852","Surefire suite","Surefire test","school.redrover.FolderTest","school.redrover.FolderTest","testCreateJobPipelineInFolder","testCreateJobPipelineInFolder","Add Pipeline Project inside folder"
"passed","Tue Jun 25 18:34:29 GMT 2024","Tue Jun 25 18:34:30 GMT 2024","1368","Surefire suite","Surefire test","school.redrover.PipelineTest","school.redrover.PipelineTest","testSetOfNumberBuildsToKeep","testSetOfNumberBuildsToKeep","Check numbers of builds in the Build History in descending order"
"passed","Tue Jun 25 18:40:07 GMT 2024","Tue Jun 25 18:40:08 GMT 2024","1283","Surefire suite","Surefire test","school.redrover.OrganizationFolderTest","school.redrover.OrganizationFolderTest","testRenameProjectViaSidebarMenu","testRenameProjectViaSidebarMenu","Verify that a project can be successfully renamed via the sidebar"
"passed","Tue Jun 25 18:30:34 GMT 2024","Tue Jun 25 18:30:36 GMT 2024","1886","Surefire suite","Surefire test","school.redrover.MultibranchPipelineTest","school.redrover.MultibranchPipelineTest","testMoveProjectToFolderViaSidebarMenu","testMoveProjectToFolderViaSidebarMenu","Verify that a project can be successfully moved to a folder via sidebar menu."
"passed","Tue Jun 25 18:39:30 GMT 2024","Tue Jun 25 18:39:32 GMT 2024","1149","Surefire suite","Surefire test","school.redrover.FreestyleProjectTest","school.redrover.FreestyleProjectTest","testOpenConfigurePageOfProject","testOpenConfigurePageOfProject","Verify configuration page open when the project is created."
"passed","Tue Jun 25 18:32:54 GMT 2024","Tue Jun 25 18:33:18 GMT 2024","23470","Surefire suite","Surefire test","school.redrover.PipelineTest","school.redrover.PipelineTest","testBuildColorGreen","testBuildColorGreen","Successful builds are marked with a green indicator when creating the list of builds."
"passed","Tue Jun 25 18:31:32 GMT 2024","Tue Jun 25 18:31:32 GMT 2024","753","Surefire suite","Surefire test","school.redrover.AppearanceTest","school.redrover.AppearanceTest","testDefaultThemeApply","testDefaultThemeApply","Change color theme to Default and check It"
"passed","Tue Jun 25 18:38:14 GMT 2024","Tue Jun 25 18:38:14 GMT 2024","225","Surefire suite","Surefire test","school.redrover.FreestyleProjectTest","school.redrover.FreestyleProjectTest","testCreateProjectInvalidCharsDisabledOkButton","testCreateProjectInvalidCharsDisabledOkButton","Check OK button disabled for invalid project names."
"passed","Tue Jun 25 18:29:00 GMT 2024","Tue Jun 25 18:29:01 GMT 2024","629","Surefire suite","Surefire test","school.redrover.NewItemTest","school.redrover.NewItemTest","testCheckListOfSuggestedForCreationProjectTypes","testCheckListOfSuggestedForCreationProjectTypes"," Check list of types, suggested for a project creation "
"passed","Tue Jun 25 18:31:27 GMT 2024","Tue Jun 25 18:31:28 GMT 2024","819","Surefire suite","Surefire test","school.redrover.AppearanceTest","school.redrover.AppearanceTest","testDarkThemeColor","testDarkThemeColor","Check background color after switch to Dark theme"
"passed","Tue Jun 25 18:35:22 GMT 2024","Tue Jun 25 18:35:26 GMT 2024","3292","Surefire suite","Surefire test","school.redrover.PipelineTest","school.redrover.PipelineTest","testSetParametersToThrottleBuilds","testSetParametersToThrottleBuilds","Set number of builds, time period in Throttle builds and verify message about time between builds after"
"passed","Tue Jun 25 18:35:18 GMT 2024","Tue Jun 25 18:35:22 GMT 2024","3344","Surefire suite","Surefire test","school.redrover.PipelineTest","school.redrover.PipelineTest","testSetParametersToThrottleBuilds","testSetParametersToThrottleBuilds","Set number of builds, time period in Throttle builds and verify message about time between builds after"
"passed","Tue Jun 25 18:45:29 GMT 2024","Tue Jun 25 18:45:30 GMT 2024","813","Surefire suite","Surefire test","school.redrover.ManageJenkinsTest","school.redrover.ManageJenkinsTest","testRedirectionToPluginsPage","testRedirectionToPluginsPage","Check redirection to 'Plugins' page"
"passed","Tue Jun 25 18:40:22 GMT 2024","Tue Jun 25 18:40:25 GMT 2024","3218","Surefire suite","Surefire test","school.redrover.MultiConfigurationProjectTest","school.redrover.MultiConfigurationProjectTest","testAddDiscardOldBuildsConfigurationsToProject","testAddDiscardOldBuildsConfigurationsToProject","Add discard old builds configurations to project"
"passed","Tue Jun 25 18:33:35 GMT 2024","Tue Jun 25 18:33:39 GMT 2024","3924","Surefire suite","Surefire test","school.redrover.PipelineTest","school.redrover.PipelineTest","testColorOfPipelineDescriptionTextAreaBacklight","testColorOfPipelineDescriptionTextAreaBacklight","Verify text area border backlight color being active"
"passed","Tue Jun 25 18:31:10 GMT 2024","Tue Jun 25 18:31:10 GMT 2024","305","Surefire suite","Surefire test","school.redrover.SearchBoxTest","school.redrover.SearchBoxTest","testStartSearchBox","testStartSearchBox","Check search results"
"passed","Tue Jun 25 18:31:35 GMT 2024","Tue Jun 25 18:31:37 GMT 2024","2083","Surefire suite","Surefire test","school.redrover.runner.CucumberTest","school.redrover.runner.CucumberTest","runScenario","Runs Cucumber Scenarios",""
"passed","Tue Jun 25 18:44:14 GMT 2024","Tue Jun 25 18:44:15 GMT 2024","888","Surefire suite","Surefire test","school.redrover.ManageJenkinsTest","school.redrover.ManageJenkinsTest","testManageJenkinsLinksRedirectToPage","testManageJenkinsLinksRedirectToPage","Check page title after click on link"
"passed","Tue Jun 25 18:44:30 GMT 2024","Tue Jun 25 18:44:31 GMT 2024","1004","Surefire suite","Surefire test","school.redrover.ManageJenkinsTest","school.redrover.ManageJenkinsTest","testManageJenkinsLinksRedirectToPage","testManageJenkinsLinksRedirectToPage","Check page title after click on link"
"passed","Tue Jun 25 18:44:01 GMT 2024","Tue Jun 25 18:44:02 GMT 2024","653","Surefire suite","Surefire test","school.redrover.ManageJenkinsTest","school.redrover.ManageJenkinsTest","testLinksDescriptionText","testLinksDescriptionText","Check link description text"
"passed","Tue Jun 25 18:44:23 GMT 2024","Tue Jun 25 18:44:24 GMT 2024","669","Surefire suite","Surefire test","school.redrover.ManageJenkinsTest","school.redrover.ManageJenkinsTest","testManageJenkinsLinksRedirectToPage","testManageJenkinsLinksRedirectToPage","Check page title after click on link"
"passed","Tue Jun 25 18:30:20 GMT 2024","Tue Jun 25 18:30:20 GMT 2024","402","Surefire suite","Surefire test","school.redrover.MultibranchPipelineTest","school.redrover.MultibranchPipelineTest","testDisabledTooltip","testDisabledTooltip","Verify the correct tooltip text is displayed when hovering over the toggle button"
"passed","Tue Jun 25 18:39:45 GMT 2024","Tue Jun 25 18:39:46 GMT 2024","267","Surefire suite","Surefire test","school.redrover.OrganizationFolderTest","school.redrover.OrganizationFolderTest","testScanOrganizationFolder","testScanOrganizationFolder","Verify that the 'Scan Organization Folder Log' page is accessible"
"passed","Tue Jun 25 18:42:35 GMT 2024","Tue Jun 25 18:42:35 GMT 2024","266","Surefire suite","Surefire test","school.redrover.NodesTest","school.redrover.NodesTest","testBuiltInNodeMonitoringDataList","testBuiltInNodeMonitoringDataList","Verify Monitoring Data list of the Built-In Node"
"passed","Tue Jun 25 18:44:16 GMT 2024","Tue Jun 25 18:44:17 GMT 2024","767","Surefire suite","Surefire test","school.redrover.ManageJenkinsTest","school.redrover.ManageJenkinsTest","testManageJenkinsLinksRedirectToPage","testManageJenkinsLinksRedirectToPage","Check page title after click on link"
"passed","Tue Jun 25 18:29:42 GMT 2024","Tue Jun 25 18:29:44 GMT 2024","1949","Surefire suite","Surefire test","school.redrover.NewItemTest","school.redrover.NewItemTest","testCopyFromExistingJob","testCopyFromExistingJob"," Create a new item from other existing one for ALL types of jobs."
"passed","Tue Jun 25 18:37:46 GMT 2024","Tue Jun 25 18:37:46 GMT 2024","783","Surefire suite","Surefire test","school.redrover.PipelineTest","school.redrover.PipelineTest","testVerifyConfigureSectionsHaveTooltips","testVerifyConfigureSectionsHaveTooltips","Verify that three pipeline configure sections have toolTips"
"passed","Tue Jun 25 18:44:25 GMT 2024","Tue Jun 25 18:44:26 GMT 2024","703","Surefire suite","Surefire test","school.redrover.ManageJenkinsTest","school.redrover.ManageJenkinsTest","testManageJenkinsLinksRedirectToPage","testManageJenkinsLinksRedirectToPage","Check page title after click on link"
"passed","Tue Jun 25 18:44:21 GMT 2024","Tue Jun 25 18:44:22 GMT 2024","662","Surefire suite","Surefire test","school.redrover.ManageJenkinsTest","school.redrover.ManageJenkinsTest","testManageJenkinsLinksRedirectToPage","testManageJenkinsLinksRedirectToPage","Check page title after click on link"
"passed","Tue Jun 25 18:41:03 GMT 2024","Tue Jun 25 18:41:04 GMT 2024","1061","Surefire suite","Surefire test","school.redrover.MultiConfigurationProjectTest","school.redrover.MultiConfigurationProjectTest","testRenameProjectViaDashboardDropdown","testRenameProjectViaDashboardDropdown","Check, an existing project can be renamed via dropdown"
"passed","Tue Jun 25 18:40:45 GMT 2024","Tue Jun 25 18:40:46 GMT 2024","406","Surefire suite","Surefire test","school.redrover.MultiConfigurationProjectTest","school.redrover.MultiConfigurationProjectTest","testEnableProjectOnProjectPage","testEnableProjectOnProjectPage","Check,that 'Enable' status is indicated on Project Configure Page, when a project is enable"
"passed","Tue Jun 25 18:45:34 GMT 2024","Tue Jun 25 18:45:35 GMT 2024","858","Surefire suite","Surefire test","school.redrover.ManageJenkinsTest","school.redrover.ManageJenkinsTest","testRedirectionToSecurityPage","testRedirectionToSecurityPage","Check redirection to 'Security' page"
"passed","Tue Jun 25 18:45:26 GMT 2024","Tue Jun 25 18:45:26 GMT 2024","676","Surefire suite","Surefire test","school.redrover.ManageJenkinsTest","school.redrover.ManageJenkinsTest","testRedirectionToManageOldDataPage","testRedirectionToManageOldDataPage","Check redirection to 'Manage Old Data' page"
"passed","Tue Jun 25 18:38:36 GMT 2024","Tue Jun 25 18:38:36 GMT 2024","386","Surefire suite","Surefire test","school.redrover.FreestyleProjectTest","school.redrover.FreestyleProjectTest","testCreateProjectInvalidCharsGetMessage","testCreateProjectInvalidCharsGetMessage","Verify error message for project creation with invalid characters."
"passed","Tue Jun 25 18:42:10 GMT 2024","Tue Jun 25 18:42:11 GMT 2024","1144","Surefire suite","Surefire test","school.redrover.UserTest","school.redrover.UserTest","testCreateUserViaManageJenkins","testCreateUserViaManageJenkins","Create user via manage jenkins page"
"passed","Tue Jun 25 18:39:37 GMT 2024","Tue Jun 25 18:39:38 GMT 2024","1382","Surefire suite","Surefire test","school.redrover.FreestyleProjectTest","school.redrover.FreestyleProjectTest","testRenameProjectViaSidebarMenu","testRenameProjectViaSidebarMenu","Rename project from project's page via left sidebar panel"
"passed","Tue Jun 25 18:31:20 GMT 2024","Tue Jun 25 18:31:21 GMT 2024","1314","Surefire suite","Surefire test","school.redrover.FooterTest","school.redrover.FooterTest","testVersionOnAboutJenkinsPage","testVersionOnAboutJenkinsPage","Check Jenkins version in the footer on the 'About Jenkins' page"
"passed","Tue Jun 25 18:43:23 GMT 2024","Tue Jun 25 18:43:24 GMT 2024","206","Surefire suite","Surefire test","school.redrover.DashboardTest","school.redrover.DashboardTest","testSidebarMenuItemsList","testSidebarMenuItemsList","Check all Sidebar Menu Items exist"
"passed","Tue Jun 25 18:34:29 GMT 2024","Tue Jun 25 18:34:29 GMT 2024","201","Surefire suite","Surefire test","school.redrover.PipelineTest","school.redrover.PipelineTest","testCheckBuildsHistoryDescendingOrder","testCheckBuildsHistoryDescendingOrder","Check builds history descending order"
"passed","Tue Jun 25 18:38:01 GMT 2024","Tue Jun 25 18:38:01 GMT 2024","304","Surefire suite","Surefire test","school.redrover.FreestyleProjectTest","school.redrover.FreestyleProjectTest","testEditProjectDescription","testEditProjectDescription","Add project description"
"passed","Tue Jun 25 18:42:06 GMT 2024","Tue Jun 25 18:42:07 GMT 2024","395","Surefire suite","Surefire test","school.redrover.FolderTest","school.redrover.FolderTest","testRenameFolderViaMainPageDropdownMenu","testRenameFolderViaMainPageDropdownMenu","Rename Folder via main page dropdown"
"passed","Tue Jun 25 18:41:11 GMT 2024","Tue Jun 25 18:41:12 GMT 2024","798","Surefire suite","Surefire test","school.redrover.HeaderTest","school.redrover.HeaderTest","testAccessToManageJenkinsPage","testAccessToManageJenkinsPage","Check opening a settings page by clicking on link “Manage Jenkins"
"passed","Tue Jun 25 18:40:27 GMT 2024","Tue Jun 25 18:40:28 GMT 2024","586","Surefire suite","Surefire test","school.redrover.MultiConfigurationProjectTest","school.redrover.MultiConfigurationProjectTest","testRenameProject","testRenameProject","Check if an existing project can be renamed"
"passed","Tue Jun 25 18:32:08 GMT 2024","Tue Jun 25 18:32:08 GMT 2024","639","Surefire suite","Surefire test","school.redrover.PipelineTest","school.redrover.PipelineTest","testEditDisplayNameInAdvancedSection","testEditDisplayNameInAdvancedSection","Verify edit display name in advanced section"
"passed","Tue Jun 25 18:31:35 GMT 2024","Tue Jun 25 18:31:35 GMT 2024","0","Surefire suite","Surefire test","school.redrover.runner.order.OrderForTestsTest","school.redrover.runner.order.OrderForTestsTest","orderMethodsNoDepTest","orderMethodsNoDepTest",""
"passed","Tue Jun 25 18:44:57 GMT 2024","Tue Jun 25 18:44:57 GMT 2024","561","Surefire suite","Surefire test","school.redrover.ManageJenkinsTest","school.redrover.ManageJenkinsTest","testManageJenkinsLinksRedirectionURL","testManageJenkinsLinksRedirectionURL","Check redirect to right URL after click on link"
"passed","Tue Jun 25 18:32:01 GMT 2024","Tue Jun 25 18:32:01 GMT 2024","166","Surefire suite","Surefire test","school.redrover.BuildHistoryTest","school.redrover.BuildHistoryTest","testPermalinksDisplayed","testPermalinksDisplayed","Check 'Build now: Done.' notification is displayed"
"passed","Tue Jun 25 18:40:59 GMT 2024","Tue Jun 25 18:41:01 GMT 2024","1335","Surefire suite","Surefire test","school.redrover.MultiConfigurationProjectTest","school.redrover.MultiConfigurationProjectTest","testProjectDisableByToggle","testProjectDisableByToggle","Disable project by toggle"
"passed","Tue Jun 25 18:41:47 GMT 2024","Tue Jun 25 18:41:48 GMT 2024","581","Surefire suite","Surefire test","school.redrover.FolderTest","school.redrover.FolderTest","testCreateViaSidebarMenu","testCreateViaSidebarMenu","Verify the creation of a folder via Sidebar Menu"
"passed","Tue Jun 25 18:41:48 GMT 2024","Tue Jun 25 18:41:49 GMT 2024","716","Surefire suite","Surefire test","school.redrover.FolderTest","school.redrover.FolderTest","testCreatedFolderIsEmpty","testCreatedFolderIsEmpty","Validate that a newly created folder is empty"
"passed","Tue Jun 25 18:41:55 GMT 2024","Tue Jun 25 18:41:55 GMT 2024","383","Surefire suite","Surefire test","school.redrover.FolderTest","school.redrover.FolderTest","testErrorWhenCreatingFolderWithDotAsLastCharacter","testErrorWhenCreatingFolderWithDotAsLastCharacter","Verify error message when create a folder with a dot as the last character"
"passed","Tue Jun 25 18:32:02 GMT 2024","Tue Jun 25 18:32:04 GMT 2024","1293","Surefire suite","Surefire test","school.redrover.PipelineTest","school.redrover.PipelineTest","testAddDescription","testAddDescription","Add a description to the Pipeline"
"passed","Tue Jun 25 18:37:51 GMT 2024","Tue Jun 25 18:37:52 GMT 2024","762","Surefire suite","Surefire test","school.redrover.PipelineTest","school.redrover.PipelineTest","testVerifyConfigureSectionsHaveTooltips","testVerifyConfigureSectionsHaveTooltips","Verify that three pipeline configure sections have toolTips"
"passed","Tue Jun 25 18:37:24 GMT 2024","Tue Jun 25 18:37:25 GMT 2024","1046","Surefire suite","Surefire test","school.redrover.PipelineTest","school.redrover.PipelineTest","testUseSearchToFindExistedProject","testUseSearchToFindExistedProject","Create Pipeline and find created project by its name, using 'Search' input field on Home Page"
"passed","Tue Jun 25 18:42:13 GMT 2024","Tue Jun 25 18:42:25 GMT 2024","12651","Surefire suite","Surefire test","school.redrover.UserTest","school.redrover.UserTest","testFreestyleJobRemoteTriggering","testFreestyleJobRemoteTriggering","Remotely trigger a Freestyle job for current user"
"passed","Tue Jun 25 18:39:06 GMT 2024","Tue Jun 25 18:39:09 GMT 2024","3645","Surefire suite","Surefire test","school.redrover.FreestyleProjectTest","school.redrover.FreestyleProjectTest","testDeleteProjectViaSidebar","testDeleteProjectViaSidebar","Delete project from project's page left sidebar panel"
"passed","Tue Jun 25 18:45:55 GMT 2024","Tue Jun 25 18:45:56 GMT 2024","1371","Surefire suite","Surefire test","school.redrover.ManageJenkinsTest","school.redrover.ManageJenkinsTest","testSearchResultClickRedirection","testSearchResultClickRedirection","Check search result click redirection"
"passed","Tue Jun 25 18:31:06 GMT 2024","Tue Jun 25 18:31:07 GMT 2024","1065","Surefire suite","Surefire test","school.redrover.SearchBoxTest","school.redrover.SearchBoxTest","testSearchWithInsensitiveSearchOn","testSearchWithInsensitiveSearchOn","Check case insensitive search"
"passed","Tue Jun 25 18:38:43 GMT 2024","Tue Jun 25 18:38:43 GMT 2024","230","Surefire suite","Surefire test","school.redrover.FreestyleProjectTest","school.redrover.FreestyleProjectTest","testCreateProjectInvalidCharsGetMessage","testCreateProjectInvalidCharsGetMessage","Verify error message for project creation with invalid characters."
"passed","Tue Jun 25 18:43:43 GMT 2024","Tue Jun 25 18:43:44 GMT 2024","622","Surefire suite","Surefire test","school.redrover.ManageJenkinsTest","school.redrover.ManageJenkinsTest","testLinksDescriptionText","testLinksDescriptionText","Check link description text"
"passed","Tue Jun 25 18:31:08 GMT 2024","Tue Jun 25 18:31:09 GMT 2024","696","Surefire suite","Surefire test","school.redrover.SearchBoxTest","school.redrover.SearchBoxTest","testSearchWithValidData","testSearchWithValidData","Check redirection for valid data search input"
"passed","Tue Jun 25 18:43:42 GMT 2024","Tue Jun 25 18:43:42 GMT 2024","618","Surefire suite","Surefire test","school.redrover.ManageJenkinsTest","school.redrover.ManageJenkinsTest","testLinksDescriptionText","testLinksDescriptionText","Check link description text"
"passed","Tue Jun 25 18:39:12 GMT 2024","Tue Jun 25 18:39:17 GMT 2024","5255","Surefire suite","Surefire test","school.redrover.FreestyleProjectTest","school.redrover.FreestyleProjectTest","testBuildNowProject","testBuildNowProject","Verify that the project can be successfully built"
"passed","Tue Jun 25 18:42:32 GMT 2024","Tue Jun 25 18:42:32 GMT 2024","599","Surefire suite","Surefire test","school.redrover.UserTest","school.redrover.UserTest","testUsersSortingByFullNameDesc","testUsersSortingByFullNameDesc","Check that users can be sorted descending by full name clicking 'Name' column header"
"passed","Tue Jun 25 18:44:55 GMT 2024","Tue Jun 25 18:44:56 GMT 2024","638","Surefire suite","Surefire test","school.redrover.ManageJenkinsTest","school.redrover.ManageJenkinsTest","testManageJenkinsLinksRedirectionURL","testManageJenkinsLinksRedirectionURL","Check redirect to right URL after click on link"
"passed","Tue Jun 25 18:44:44 GMT 2024","Tue Jun 25 18:44:45 GMT 2024","940","Surefire suite","Surefire test","school.redrover.ManageJenkinsTest","school.redrover.ManageJenkinsTest","testManageJenkinsLinksRedirectionURL","testManageJenkinsLinksRedirectionURL","Check redirect to right URL after click on link"
"passed","Tue Jun 25 18:44:28 GMT 2024","Tue Jun 25 18:44:29 GMT 2024","791","Surefire suite","Surefire test","school.redrover.ManageJenkinsTest","school.redrover.ManageJenkinsTest","testManageJenkinsLinksRedirectToPage","testManageJenkinsLinksRedirectToPage","Check page title after click on link"
"passed","Tue Jun 25 18:41:48 GMT 2024","Tue Jun 25 18:41:48 GMT 2024","123","Surefire suite","Surefire test","school.redrover.FolderTest","school.redrover.FolderTest","testCheckNewFolderIsEmpty","testCheckNewFolderIsEmpty","Verify that created Folder is empty"
"passed","Tue Jun 25 18:41:50 GMT 2024","Tue Jun 25 18:41:51 GMT 2024","1339","Surefire suite","Surefire test","school.redrover.FolderTest","school.redrover.FolderTest","testCreateTwoInnerFolder","testCreateTwoInnerFolder","Verify the creation of two inner folder in existed Folder"
"passed","Tue Jun 25 18:45:22 GMT 2024","Tue Jun 25 18:45:23 GMT 2024","742","Surefire suite","Surefire test","school.redrover.ManageJenkinsTest","school.redrover.ManageJenkinsTest","testRedirectionToJenkinsCLIPage","testRedirectionToJenkinsCLIPage","Check redirection to 'Jenkins CLI' page"
"passed","Tue Jun 25 18:30:39 GMT 2024","Tue Jun 25 18:30:41 GMT 2024","1403","Surefire suite","Surefire test","school.redrover.MultibranchPipelineTest","school.redrover.MultibranchPipelineTest","testRenameMultibranchPipelineViaSideBar","testRenameMultibranchPipelineViaSideBar","Verify a project can be successfully renamed via the sidebar"
"passed","Tue Jun 25 18:45:08 GMT 2024","Tue Jun 25 18:45:08 GMT 2024","710","Surefire suite","Surefire test","school.redrover.ManageJenkinsTest","school.redrover.ManageJenkinsTest","testManageJenkinsLinksRedirectionURL","testManageJenkinsLinksRedirectionURL","Check redirect to right URL after click on link"
"passed","Tue Jun 25 18:31:15 GMT 2024","Tue Jun 25 18:31:16 GMT 2024","315","Surefire suite","Surefire test","school.redrover.FooterTest","school.redrover.FooterTest","testRestAPIButtonTitle","testRestAPIButtonTitle","Verify if the title name is correct on the Api Link page"
"passed","Tue Jun 25 18:30:08 GMT 2024","Tue Jun 25 18:30:08 GMT 2024","340","Surefire suite","Surefire test","school.redrover.NewItemTest","school.redrover.NewItemTest","testInvalidValuesForProjectNameInput","testInvalidValuesForProjectNameInput","Check hint, when entering an unsafe character "
"passed","Tue Jun 25 18:41:05 GMT 2024","Tue Jun 25 18:41:06 GMT 2024","1034","Surefire suite","Surefire test","school.redrover.MultiConfigurationProjectTest","school.redrover.MultiConfigurationProjectTest","testSearchForCreatedProject","testSearchForCreatedProject","Verify existing project can be found using Search"
"passed","Tue Jun 25 18:45:47 GMT 2024","Tue Jun 25 18:45:49 GMT 2024","1056","Surefire suite","Surefire test","school.redrover.ManageJenkinsTest","school.redrover.ManageJenkinsTest","testSearchInputNoResultsPopupText","testSearchInputNoResultsPopupText","Check the text of the no search results popup message"
"passed","Tue Jun 25 18:39:10 GMT 2024","Tue Jun 25 18:39:11 GMT 2024","964","Surefire suite","Surefire test","school.redrover.FreestyleProjectTest","school.redrover.FreestyleProjectTest","testDisableProject","testDisableProject","Disable project"
"passed","Tue Jun 25 18:32:10 GMT 2024","Tue Jun 25 18:32:11 GMT 2024","1182","Surefire suite","Surefire test","school.redrover.PipelineTest","school.redrover.PipelineTest","testBreadcrumbsOnFullStageViewPage","testBreadcrumbsOnFullStageViewPage","Verify that the breadcrumb navigation displays the correct hierarchy"
"passed","Tue Jun 25 18:45:04 GMT 2024","Tue Jun 25 18:45:05 GMT 2024","1074","Surefire suite","Surefire test","school.redrover.ManageJenkinsTest","school.redrover.ManageJenkinsTest","testManageJenkinsLinksRedirectionURL","testManageJenkinsLinksRedirectionURL","Check redirect to right URL after click on link"
"passed","Tue Jun 25 18:44:38 GMT 2024","Tue Jun 25 18:44:39 GMT 2024","759","Surefire suite","Surefire test","school.redrover.ManageJenkinsTest","school.redrover.ManageJenkinsTest","testManageJenkinsLinksRedirectToPage","testManageJenkinsLinksRedirectToPage","Check page title after click on link"
"passed","Tue Jun 25 18:45:33 GMT 2024","Tue Jun 25 18:45:33 GMT 2024","589","Surefire suite","Surefire test","school.redrover.ManageJenkinsTest","school.redrover.ManageJenkinsTest","testRedirectionToScriptConsolePage","testRedirectionToScriptConsolePage","Check redirection to 'Script Console' page"
"passed","Tue Jun 25 18:42:41 GMT 2024","Tue Jun 25 18:42:41 GMT 2024","801","Surefire suite","Surefire test","school.redrover.NodesTest","school.redrover.NodesTest","testCreateNodeWithDescription","testCreateNodeWithDescription","Create Node with description"
"passed","Tue Jun 25 18:37:22 GMT 2024","Tue Jun 25 18:37:23 GMT 2024","1691","Surefire suite","Surefire test","school.redrover.PipelineTest","school.redrover.PipelineTest","testUncheckUseGroovySandboxCheckbox","testUncheckUseGroovySandboxCheckbox","02.004.06 Verify that Script Approval Link is Shown when Use Groovy Sandbox Checkbox is unchecked"
"passed","Tue Jun 25 18:39:54 GMT 2024","Tue Jun 25 18:39:58 GMT 2024","3524","Surefire suite","Surefire test","school.redrover.OrganizationFolderTest","school.redrover.OrganizationFolderTest","testDeleteOrganizationFolderViaSidebar","testDeleteOrganizationFolderViaSidebar","Verify the deletion of a project via Sidebar menu."
"passed","Tue Jun 25 18:41:40 GMT 2024","Tue Jun 25 18:41:41 GMT 2024","227","Surefire suite","Surefire test","school.redrover.PeopleTest","school.redrover.PeopleTest","testSortPeopleByLastCommitActivityDescending","testSortPeopleByLastCommitActivityDescending","Sort people by last commit activity"
"passed","Tue Jun 25 18:30:19 GMT 2024","Tue Jun 25 18:30:19 GMT 2024","220","Surefire suite","Surefire test","school.redrover.MultibranchPipelineTest","school.redrover.MultibranchPipelineTest","testDisabledProjectViaDisableProjectButton","testDisabledProjectViaDisableProjectButton","Verify a project can be disabled via Disable Project Button."
"passed","Tue Jun 25 18:37:47 GMT 2024","Tue Jun 25 18:37:48 GMT 2024","808","Surefire suite","Surefire test","school.redrover.PipelineTest","school.redrover.PipelineTest","testVerifyConfigureSectionsHaveTooltips","testVerifyConfigureSectionsHaveTooltips","Verify that three pipeline configure sections have toolTips"
"passed","Tue Jun 25 18:42:50 GMT 2024","Tue Jun 25 18:42:51 GMT 2024","748","Surefire suite","Surefire test","school.redrover.NodesTest","school.redrover.NodesTest","testDeleteNodeViaDropdownMenu","testDeleteNodeViaDropdownMenu","Delete Node using dropdown menu and check that this Node not displayed in Nodes table"
"passed","Tue Jun 25 18:41:56 GMT 2024","Tue Jun 25 18:41:58 GMT 2024","1834","Surefire suite","Surefire test","school.redrover.FolderTest","school.redrover.FolderTest","testFolderMovedIntoAnotherFolderViaBreadcrumbs","testFolderMovedIntoAnotherFolderViaBreadcrumbs","Verify a Folder can be moved into another Folder via breadcrumbs"
"passed","Tue Jun 25 18:41:51 GMT 2024","Tue Jun 25 18:41:52 GMT 2024","848","Surefire suite","Surefire test","school.redrover.FolderTest","school.redrover.FolderTest","testCreateFreeStyleProjectInsideRootFolder","testCreateFreeStyleProjectInsideRootFolder","Verify the creation of Freestyle project in existed Folder"
"passed","Tue Jun 25 18:35:05 GMT 2024","Tue Jun 25 18:35:08 GMT 2024","2964","Surefire suite","Surefire test","school.redrover.PipelineTest","school.redrover.PipelineTest","testSetParametersToThrottleBuilds","testSetParametersToThrottleBuilds","Set number of builds, time period in Throttle builds and verify message about time between builds after"
"passed","Tue Jun 25 18:33:28 GMT 2024","Tue Jun 25 18:33:29 GMT 2024","1177","Surefire suite","Surefire test","school.redrover.PipelineTest","school.redrover.PipelineTest","testChangesPageHeading","testChangesPageHeading","Verify Changes page opens by clicking 'Changes' in drop-down menu at Pipeline name on Pipeline page"
"passed","Tue Jun 25 18:39:46 GMT 2024","Tue Jun 25 18:39:46 GMT 2024","341","Surefire suite","Surefire test","school.redrover.OrganizationFolderTest","school.redrover.OrganizationFolderTest","testPipelineSyntaxSidebarList","testPipelineSyntaxSidebarList","Verify that the pipeline syntax sidebar contains the expected list of items."
"passed","Tue Jun 25 18:39:46 GMT 2024","Tue Jun 25 18:39:51 GMT 2024","4824","Surefire suite","Surefire test","school.redrover.OrganizationFolderTest","school.redrover.OrganizationFolderTest","testCatchErrorStepTooltipsViaDashboardDropdown","testCatchErrorStepTooltipsViaDashboardDropdown","Verify tooltips of the step Catch Error."
"passed","Tue Jun 25 18:38:57 GMT 2024","Tue Jun 25 18:38:58 GMT 2024","797","Surefire suite","Surefire test","school.redrover.FreestyleProjectTest","school.redrover.FreestyleProjectTest","testCreateProjectViaSidebarMenu","testCreateProjectViaSidebarMenu","Verify that a new project can be created via Sidebar menu."
"passed","Tue Jun 25 18:40:16 GMT 2024","Tue Jun 25 18:40:16 GMT 2024","285","Surefire suite","Surefire test","school.redrover.APITest","school.redrover.APITest","httpTest","httpTest",""
"passed","Tue Jun 25 18:37:25 GMT 2024","Tue Jun 25 18:37:26 GMT 2024","127","Surefire suite","Surefire test","school.redrover.PipelineTest","school.redrover.PipelineTest","testFindProjectByPartialNameMatch","testFindProjectByPartialNameMatch","Find created project by partial name, using 'Search' input field"
"passed","Tue Jun 25 18:30:11 GMT 2024","Tue Jun 25 18:30:11 GMT 2024","356","Surefire suite","Surefire test","school.redrover.NewItemTest","school.redrover.NewItemTest","testInvalidValuesForProjectNameInput","testInvalidValuesForProjectNameInput","Check hint, when entering an unsafe character "
"passed","Tue Jun 25 18:43:26 GMT 2024","Tue Jun 25 18:43:27 GMT 2024","1217","Surefire suite","Surefire test","school.redrover.DashboardTest","school.redrover.DashboardTest","testMultiConfigurationProjectChevronMenu","testMultiConfigurationProjectChevronMenu","Check all Multi-configuration Project Menu Items exist"
"passed","Tue Jun 25 18:39:51 GMT 2024","Tue Jun 25 18:39:51 GMT 2024","229","Surefire suite","Surefire test","school.redrover.OrganizationFolderTest","school.redrover.OrganizationFolderTest","testSidebarMenuVisibility","testSidebarMenuVisibility","Verify sidebar menu visibility when accessing the configuration page of an organization folder."
"passed","Tue Jun 25 18:37:27 GMT 2024","Tue Jun 25 18:37:28 GMT 2024","1120","Surefire suite","Surefire test","school.redrover.PipelineTest","school.redrover.PipelineTest","testVerifyColorOfAddDescriptionButtonBackground","testVerifyColorOfAddDescriptionButtonBackground","Verify button Add Description background color on mouse hover"
"passed","Tue Jun 25 18:43:35 GMT 2024","Tue Jun 25 18:43:36 GMT 2024","607","Surefire suite","Surefire test","school.redrover.ManageJenkinsTest","school.redrover.ManageJenkinsTest","testLinksDescriptionText","testLinksDescriptionText","Check link description text"
"passed","Tue Jun 25 18:30:09 GMT 2024","Tue Jun 25 18:30:10 GMT 2024","347","Surefire suite","Surefire test","school.redrover.NewItemTest","school.redrover.NewItemTest","testInvalidValuesForProjectNameInput","testInvalidValuesForProjectNameInput","Check hint, when entering an unsafe character "
"passed","Tue Jun 25 18:41:20 GMT 2024","Tue Jun 25 18:41:20 GMT 2024","281","Surefire suite","Surefire test","school.redrover.HeaderTest","school.redrover.HeaderTest","testTooltipAccessible","testTooltipAccessible","Check tooltip with the list of problems"
"passed","Tue Jun 25 18:41:58 GMT 2024","Tue Jun 25 18:41:59 GMT 2024","784","Surefire suite","Surefire test","school.redrover.FolderTest","school.redrover.FolderTest","testCreateMultiConfigurationProjectInFolder","testCreateMultiConfigurationProjectInFolder","Add Multi Configuration Project inside folder"
"passed","Tue Jun 25 18:43:20 GMT 2024","Tue Jun 25 18:43:21 GMT 2024","1312","Surefire suite","Surefire test","school.redrover.DashboardTest","school.redrover.DashboardTest","testGoToMyViewsFromUsernameDropdownOnHeader","testGoToMyViewsFromUsernameDropdownOnHeader","Go to 'My Views' from  username dropdown on header"
"passed","Tue Jun 25 18:29:20 GMT 2024","Tue Jun 25 18:29:22 GMT 2024","2219","Surefire suite","Surefire test","school.redrover.NewItemTest","school.redrover.NewItemTest","testCopyFromExistingJob","testCopyFromExistingJob"," Create a new item from other existing one for ALL types of jobs."
"passed","Tue Jun 25 18:30:32 GMT 2024","Tue Jun 25 18:30:33 GMT 2024","360","Surefire suite","Surefire test","school.redrover.MultibranchPipelineTest","school.redrover.MultibranchPipelineTest","testEnableProjectToggleStatus","testEnableProjectToggleStatus","Verify the status toggle of a project reflects that the project is enable."
"passed","Tue Jun 25 18:45:53 GMT 2024","Tue Jun 25 18:45:54 GMT 2024","606","Surefire suite","Surefire test","school.redrover.ManageJenkinsTest","school.redrover.ManageJenkinsTest","testSearchInputSlashIconTooltipText","testSearchInputSlashIconTooltipText","Check search input slash icon tooltip text"
"passed","Tue Jun 25 18:41:40 GMT 2024","Tue Jun 25 18:41:40 GMT 2024","230","Surefire suite","Surefire test","school.redrover.PeopleTest","school.redrover.PeopleTest","testSortPeopleByFullNameDescending","testSortPeopleByFullNameDescending","Sort people descending by full name"
"passed","Tue Jun 25 18:38:37 GMT 2024","Tue Jun 25 18:38:38 GMT 2024","368","Surefire suite","Surefire test","school.redrover.FreestyleProjectTest","school.redrover.FreestyleProjectTest","testCreateProjectInvalidCharsGetMessage","testCreateProjectInvalidCharsGetMessage","Verify error message for project creation with invalid characters."
"passed","Tue Jun 25 18:40:09 GMT 2024","Tue Jun 25 18:40:11 GMT 2024","2011","Surefire suite","Surefire test","school.redrover.OrganizationFolderTest","school.redrover.OrganizationFolderTest","testStrategyPropertiesOrderCanBeChanged","testStrategyPropertiesOrderCanBeChanged","Verify that the order of strategy properties can be changed in the configuration."
"passed","Tue Jun 25 18:42:48 GMT 2024","Tue Jun 25 18:42:49 GMT 2024","693","Surefire suite","Surefire test","school.redrover.NodesTest","school.redrover.NodesTest","testCreatedNodeIsOnHomePage","testCreatedNodeIsOnHomePage","Verify a created via home page Node can be seen on home page"
"passed","Tue Jun 25 18:44:53 GMT 2024","Tue Jun 25 18:44:54 GMT 2024","604","Surefire suite","Surefire test","school.redrover.ManageJenkinsTest","school.redrover.ManageJenkinsTest","testManageJenkinsLinksRedirectionURL","testManageJenkinsLinksRedirectionURL","Check redirect to right URL after click on link"
"passed","Tue Jun 25 18:42:27 GMT 2024","Tue Jun 25 18:42:28 GMT 2024","1324","Surefire suite","Surefire test","school.redrover.UserTest","school.redrover.UserTest","testRedirectToUserPage","testRedirectToUserPage","Check redirect to user page"
"passed","Tue Jun 25 18:44:32 GMT 2024","Tue Jun 25 18:44:33 GMT 2024","731","Surefire suite","Surefire test","school.redrover.ManageJenkinsTest","school.redrover.ManageJenkinsTest","testManageJenkinsLinksRedirectToPage","testManageJenkinsLinksRedirectToPage","Check page title after click on link"
"passed","Tue Jun 25 18:41:29 GMT 2024","Tue Jun 25 18:41:40 GMT 2024","11158","Surefire suite","Surefire test","school.redrover.PeopleTest","school.redrover.PeopleTest","testSortPeopleByUserIdDescending","testSortPeopleByUserIdDescending","Sort people by user ID"
"passed","Tue Jun 25 18:29:23 GMT 2024","Tue Jun 25 18:29:25 GMT 2024","2190","Surefire suite","Surefire test","school.redrover.NewItemTest","school.redrover.NewItemTest","testCopyFromExistingJob","testCopyFromExistingJob"," Create a new item from other existing one for ALL types of jobs."
"passed","Tue Jun 25 18:29:39 GMT 2024","Tue Jun 25 18:29:41 GMT 2024","1767","Surefire suite","Surefire test","school.redrover.NewItemTest","school.redrover.NewItemTest","testCopyFromExistingJob","testCopyFromExistingJob"," Create a new item from other existing one for ALL types of jobs."
"passed","Tue Jun 25 18:34:20 GMT 2024","Tue Jun 25 18:34:23 GMT 2024","3649","Surefire suite","Surefire test","school.redrover.PipelineTest","school.redrover.PipelineTest","testDeleteViaBreadcrumbs","testDeleteViaBreadcrumbs","Verify Pipeline can be deleted via breadcrumbs"
"passed","Tue Jun 25 18:37:55 GMT 2024","Tue Jun 25 18:37:56 GMT 2024","649","Surefire suite","Surefire test","school.redrover.PipelineTest","school.redrover.PipelineTest","testVisibilityOfDisableButton","testVisibilityOfDisableButton","Verify 'Disable Project' button is visible"
"passed","Tue Jun 25 18:44:27 GMT 2024","Tue Jun 25 18:44:27 GMT 2024","686","Surefire suite","Surefire test","school.redrover.ManageJenkinsTest","school.redrover.ManageJenkinsTest","testManageJenkinsLinksRedirectToPage","testManageJenkinsLinksRedirectToPage","Check page title after click on link"
"passed","Tue Jun 25 18:45:36 GMT 2024","Tue Jun 25 18:45:37 GMT 2024","743","Surefire suite","Surefire test","school.redrover.ManageJenkinsTest","school.redrover.ManageJenkinsTest","testRedirectionToSystemInformationPage","testRedirectionToSystemInformationPage","Check redirection to 'System Information' page"
"passed","Tue Jun 25 18:34:07 GMT 2024","Tue Jun 25 18:34:08 GMT 2024","760","Surefire suite","Surefire test","school.redrover.PipelineTest","school.redrover.PipelineTest","testCreatePipeline","testCreatePipeline","Create Pipeline with valid name and verify if created project is shown on the HomePage"
"passed","Tue Jun 25 18:38:09 GMT 2024","Tue Jun 25 18:38:09 GMT 2024","226","Surefire suite","Surefire test","school.redrover.FreestyleProjectTest","school.redrover.FreestyleProjectTest","testCreateProjectInvalidCharsDisabledOkButton","testCreateProjectInvalidCharsDisabledOkButton","Check OK button disabled for invalid project names."
"passed","Tue Jun 25 18:42:43 GMT 2024","Tue Jun 25 18:42:43 GMT 2024","819","Surefire suite","Surefire test","school.redrover.NodesTest","school.redrover.NodesTest","testCreateNodeWithInvalidData","testCreateNodeWithInvalidData","Create Node using invalid data: unsafe char in name"
"passed","Tue Jun 25 18:30:01 GMT 2024","Tue Jun 25 18:30:01 GMT 2024","371","Surefire suite","Surefire test","school.redrover.NewItemTest","school.redrover.NewItemTest","testInvalidValuesForProjectNameInput","testInvalidValuesForProjectNameInput","Check hint, when entering an unsafe character "
"passed","Tue Jun 25 18:38:53 GMT 2024","Tue Jun 25 18:38:53 GMT 2024","258","Surefire suite","Surefire test","school.redrover.FreestyleProjectTest","school.redrover.FreestyleProjectTest","testCreateProjectInvalidCharsGetMessage","testCreateProjectInvalidCharsGetMessage","Verify error message for project creation with invalid characters."
"passed","Tue Jun 25 18:31:35 GMT 2024","Tue Jun 25 18:31:35 GMT 2024","0","Surefire suite","Surefire test","school.redrover.runner.order.OrderForTestsTest","school.redrover.runner.order.OrderForTestsTest","orderMethodsForkUpDepTest","orderMethodsForkUpDepTest",""
"passed","Tue Jun 25 18:43:50 GMT 2024","Tue Jun 25 18:43:50 GMT 2024","481","Surefire suite","Surefire test","school.redrover.ManageJenkinsTest","school.redrover.ManageJenkinsTest","testLinksDescriptionText","testLinksDescriptionText","Check link description text"
"passed","Tue Jun 25 18:38:50 GMT 2024","Tue Jun 25 18:38:50 GMT 2024","355","Surefire suite","Surefire test","school.redrover.FreestyleProjectTest","school.redrover.FreestyleProjectTest","testCreateProjectInvalidCharsGetMessage","testCreateProjectInvalidCharsGetMessage","Verify error message for project creation with invalid characters."
"passed","Tue Jun 25 18:44:46 GMT 2024","Tue Jun 25 18:44:46 GMT 2024","576","Surefire suite","Surefire test","school.redrover.ManageJenkinsTest","school.redrover.ManageJenkinsTest","testManageJenkinsLinksRedirectionURL","testManageJenkinsLinksRedirectionURL","Check redirect to right URL after click on link"
"passed","Tue Jun 25 18:38:49 GMT 2024","Tue Jun 25 18:38:49 GMT 2024","384","Surefire suite","Surefire test","school.redrover.FreestyleProjectTest","school.redrover.FreestyleProjectTest","testCreateProjectInvalidCharsGetMessage","testCreateProjectInvalidCharsGetMessage","Verify error message for project creation with invalid characters."
"passed","Tue Jun 25 18:38:58 GMT 2024","Tue Jun 25 18:38:58 GMT 2024","279","Surefire suite","Surefire test","school.redrover.FreestyleProjectTest","school.redrover.FreestyleProjectTest","testCreateProjectWithDuplicateName","testCreateProjectWithDuplicateName","Check error when create the project with the same name."
"passed","Tue Jun 25 18:35:43 GMT 2024","Tue Jun 25 18:35:46 GMT 2024","2566","Surefire suite","Surefire test","school.redrover.PipelineTest","school.redrover.PipelineTest","testSetQuietPeriodBuildTriggersMoreThanZero","testSetQuietPeriodBuildTriggersMoreThanZero","02.004.08 Verify that user is able to set Quiet Period Build Triggers more than zero"
"passed","Tue Jun 25 18:45:31 GMT 2024","Tue Jun 25 18:45:32 GMT 2024","590","Surefire suite","Surefire test","school.redrover.ManageJenkinsTest","school.redrover.ManageJenkinsTest","testRedirectionToPrepareForShutdownPage","testRedirectionToPrepareForShutdownPage","Check redirection to 'Prepare for Shutdown' page"
"passed","Tue Jun 25 18:45:50 GMT 2024","Tue Jun 25 18:45:50 GMT 2024","473","Surefire suite","Surefire test","school.redrover.ManageJenkinsTest","school.redrover.ManageJenkinsTest","testSearchInputPlaceholderText","testSearchInputPlaceholderText","Check search input placeholder text"
"passed","Tue Jun 25 18:38:26 GMT 2024","Tue Jun 25 18:38:27 GMT 2024","378","Surefire suite","Surefire test","school.redrover.FreestyleProjectTest","school.redrover.FreestyleProjectTest","testCreateProjectInvalidCharsDisabledOkButton","testCreateProjectInvalidCharsDisabledOkButton","Check OK button disabled for invalid project names."
"passed","Tue Jun 25 18:34:59 GMT 2024","Tue Jun 25 18:35:00 GMT 2024","259","Surefire suite","Surefire test","school.redrover.PipelineTest","school.redrover.PipelineTest","testRunBuildByTriangleButton","testRunBuildByTriangleButton","02.004.11 Verify that build run by schedule is finished successfully"
"passed","Tue Jun 25 18:29:18 GMT 2024","Tue Jun 25 18:29:19 GMT 2024","423","Surefire suite","Surefire test","school.redrover.NewItemTest","school.redrover.NewItemTest","testUserSeeTheNameEntryField","testUserSeeTheNameEntryField","A user can see the name entry field "
"passed","Tue Jun 25 18:30:30 GMT 2024","Tue Jun 25 18:30:30 GMT 2024","745","Surefire suite","Surefire test","school.redrover.MultibranchPipelineTest","school.redrover.MultibranchPipelineTest","testDisableProjectViaToggle","testDisableProjectViaToggle","Verify a project can be disabled via toggle."
"passed","Tue Jun 25 18:29:52 GMT 2024","Tue Jun 25 18:29:53 GMT 2024","409","Surefire suite","Surefire test","school.redrover.NewItemTest","school.redrover.NewItemTest","testInvalidValuesForProjectNameInput","testInvalidValuesForProjectNameInput","Check hint, when entering an unsafe character "
"passed","Tue Jun 25 18:39:23 GMT 2024","Tue Jun 25 18:39:25 GMT 2024","1695","Surefire suite","Surefire test","school.redrover.FreestyleProjectTest","school.redrover.FreestyleProjectTest","testMoveProjectToFolderViaDropdown","testMoveProjectToFolderViaDropdown","Move the project to a Folder via Dropdown"
"passed","Tue Jun 25 18:37:29 GMT 2024","Tue Jun 25 18:37:30 GMT 2024","716","Surefire suite","Surefire test","school.redrover.PipelineTest","school.redrover.PipelineTest","testVerifyConfigureSectionsHaveTooltips","testVerifyConfigureSectionsHaveTooltips","Verify that three pipeline configure sections have toolTips"
"passed","Tue Jun 25 18:29:02 GMT 2024","Tue Jun 25 18:29:16 GMT 2024","13616","Surefire suite","Surefire test","school.redrover.NewItemTest","school.redrover.NewItemTest","testDropdownNamesMenuContentWhenCopyProject","testDropdownNamesMenuContentWhenCopyProject","Check tooltip's content contains the all names of jobs, beginning from defined letter(letters)"
"passed","Tue Jun 25 18:42:58 GMT 2024","Tue Jun 25 18:43:08 GMT 2024","9722","Surefire suite","Surefire test","school.redrover.NodesTest","school.redrover.NodesTest","testTooltipOnConfigureNodeMonitorsPage","testTooltipOnConfigureNodeMonitorsPage","Verify all tooltips on Configure Node Monitors page"
"passed","Tue Jun 25 18:41:25 GMT 2024","Tue Jun 25 18:41:25 GMT 2024","382","Surefire suite","Surefire test","school.redrover.PeopleTest","school.redrover.PeopleTest","testChangeIconSizeToMedium","testChangeIconSizeToMedium","Check icon size after change to Medium"
"passed","Tue Jun 25 18:44:36 GMT 2024","Tue Jun 25 18:44:37 GMT 2024","585","Surefire suite","Surefire test","school.redrover.ManageJenkinsTest","school.redrover.ManageJenkinsTest","testManageJenkinsLinksRedirectToPage","testManageJenkinsLinksRedirectToPage","Check page title after click on link"
"passed","Tue Jun 25 18:30:05 GMT 2024","Tue Jun 25 18:30:06 GMT 2024","357","Surefire suite","Surefire test","school.redrover.NewItemTest","school.redrover.NewItemTest","testInvalidValuesForProjectNameInput","testInvalidValuesForProjectNameInput","Check hint, when entering an unsafe character "
"passed","Tue Jun 25 18:30:20 GMT 2024","Tue Jun 25 18:30:20 GMT 2024","113","Surefire suite","Surefire test","school.redrover.MultibranchPipelineTest","school.redrover.MultibranchPipelineTest","testVerifyProjectDisabledMessageColorOnStatusPage","testVerifyProjectDisabledMessageColorOnStatusPage","Verify that the color of the disabled project message"
"passed","Tue Jun 25 18:29:48 GMT 2024","Tue Jun 25 18:29:49 GMT 2024","416","Surefire suite","Surefire test","school.redrover.NewItemTest","school.redrover.NewItemTest","testCreateItemWithoutSelectedItemType","testCreateItemWithoutSelectedItemType","You can't create an item without selection of item type, because 'OkButton' is enabled "
"passed","Tue Jun 25 18:45:24 GMT 2024","Tue Jun 25 18:45:25 GMT 2024","748","Surefire suite","Surefire test","school.redrover.ManageJenkinsTest","school.redrover.ManageJenkinsTest","testRedirectionToLoadStatisticsPage","testRedirectionToLoadStatisticsPage","Check redirection to 'Load Statistics' page"
"passed","Tue Jun 25 18:41:59 GMT 2024","Tue Jun 25 18:42:01 GMT 2024","2165","Surefire suite","Surefire test","school.redrover.FolderTest","school.redrover.FolderTest","testDeleteFolderViaDropdown","testDeleteFolderViaDropdown","Delete folder from dropdown menu"
"passed","Tue Jun 25 18:30:00 GMT 2024","Tue Jun 25 18:30:00 GMT 2024","348","Surefire suite","Surefire test","school.redrover.NewItemTest","school.redrover.NewItemTest","testInvalidValuesForProjectNameInput","testInvalidValuesForProjectNameInput","Check hint, when entering an unsafe character "
"passed","Tue Jun 25 18:44:58 GMT 2024","Tue Jun 25 18:44:59 GMT 2024","774","Surefire suite","Surefire test","school.redrover.ManageJenkinsTest","school.redrover.ManageJenkinsTest","testManageJenkinsLinksRedirectionURL","testManageJenkinsLinksRedirectionURL","Check redirect to right URL after click on link"
"passed","Tue Jun 25 18:33:30 GMT 2024","Tue Jun 25 18:33:31 GMT 2024","1062","Surefire suite","Surefire test","school.redrover.PipelineTest","school.redrover.PipelineTest","testCheckForMissingBuildNowOnSidebar","testCheckForMissingBuildNowOnSidebar","Checking for a missing 'Build Now' on sidebar for disabled Pipeline"
"passed","Tue Jun 25 18:37:34 GMT 2024","Tue Jun 25 18:37:35 GMT 2024","764","Surefire suite","Surefire test","school.redrover.PipelineTest","school.redrover.PipelineTest","testVerifyConfigureSectionsHaveTooltips","testVerifyConfigureSectionsHaveTooltips","Verify that three pipeline configure sections have toolTips"
"passed","Tue Jun 25 18:29:50 GMT 2024","Tue Jun 25 18:29:50 GMT 2024","344","Surefire suite","Surefire test","school.redrover.NewItemTest","school.redrover.NewItemTest","testInvalidValuesForProjectNameInput","testInvalidValuesForProjectNameInput","Check hint, when entering an unsafe character "
"passed","Tue Jun 25 18:44:51 GMT 2024","Tue Jun 25 18:44:52 GMT 2024","951","Surefire suite","Surefire test","school.redrover.ManageJenkinsTest","school.redrover.ManageJenkinsTest","testManageJenkinsLinksRedirectionURL","testManageJenkinsLinksRedirectionURL","Check redirect to right URL after click on link"
"passed","Tue Jun 25 18:30:37 GMT 2024","Tue Jun 25 18:30:38 GMT 2024","1389","Surefire suite","Surefire test","school.redrover.MultibranchPipelineTest","school.redrover.MultibranchPipelineTest","testProjectSidebarTasksUponCreatingViaFolder","testProjectSidebarTasksUponCreatingViaFolder","Verify list of sidebar tasks for a project created within a folder."
"passed","Tue Jun 25 18:29:47 GMT 2024","Tue Jun 25 18:29:47 GMT 2024","468","Surefire suite","Surefire test","school.redrover.NewItemTest","school.redrover.NewItemTest","testCreateItemWithEmptyName","testCreateItemWithEmptyName"," Create item with empty name"
"passed","Tue Jun 25 18:43:10 GMT 2024","Tue Jun 25 18:43:11 GMT 2024","781","Surefire suite","Surefire test","school.redrover.DashboardTest","school.redrover.DashboardTest","testChangeOrderOfColumns","testChangeOrderOfColumns","Change order of columns on dashboard table"
"passed","Tue Jun 25 18:44:12 GMT 2024","Tue Jun 25 18:44:13 GMT 2024","684","Surefire suite","Surefire test","school.redrover.ManageJenkinsTest","school.redrover.ManageJenkinsTest","testManageJenkinsLinksRedirectToPage","testManageJenkinsLinksRedirectToPage","Check page title after click on link"
"passed","Tue Jun 25 18:34:43 GMT 2024","Tue Jun 25 18:34:45 GMT 2024","1160","Surefire suite","Surefire test","school.redrover.PipelineTest","school.redrover.PipelineTest","testFullStageViewOnDropdownMenu","testFullStageViewOnDropdownMenu","Verify the heading after clicking on the ‘Full Stage View’ on the dropdown menu"
"passed","Tue Jun 25 18:42:52 GMT 2024","Tue Jun 25 18:42:53 GMT 2024","885","Surefire suite","Surefire test","school.redrover.NodesTest","school.redrover.NodesTest","testDeleteNodeViaSidebarMenu","testDeleteNodeViaSidebarMenu","Delete Node using sidebar menu and check that using searchbox in Header"
"passed","Tue Jun 25 18:31:35 GMT 2024","Tue Jun 25 18:31:35 GMT 2024","1","Surefire suite","Surefire test","school.redrover.runner.order.OrderForTestsTest","school.redrover.runner.order.OrderForTestsTest","orderMethodsForkDownDepTest","orderMethodsForkDownDepTest",""
"passed","Tue Jun 25 18:31:46 GMT 2024","Tue Jun 25 18:31:46 GMT 2024","0","Surefire suite","Surefire test","school.redrover.APIJenkinsJobsTest","school.redrover.APIJenkinsJobsTest","testToken","testToken","Verify that a token and crumb created and check status 200"
"passed","Tue Jun 25 18:40:30 GMT 2024","Tue Jun 25 18:40:34 GMT 2024","3458","Surefire suite","Surefire test","school.redrover.MultiConfigurationProjectTest","school.redrover.MultiConfigurationProjectTest","testDeleteMultiConfigurationProjectFromMenu","testDeleteMultiConfigurationProjectFromMenu","Delete an existing project via left-sidebar menu"
"passed","Tue Jun 25 18:31:34 GMT 2024","Tue Jun 25 18:31:34 GMT 2024","876","Surefire suite","Surefire test","school.redrover.AppearanceTest","school.redrover.AppearanceTest","testSystemThemeApply","testSystemThemeApply","Change color theme to System and check It"
"passed","Tue Jun 25 18:44:18 GMT 2024","Tue Jun 25 18:44:19 GMT 2024","837","Surefire suite","Surefire test","school.redrover.ManageJenkinsTest","school.redrover.ManageJenkinsTest","testManageJenkinsLinksRedirectToPage","testManageJenkinsLinksRedirectToPage","Check page title after click on link"
"passed","Tue Jun 25 18:35:57 GMT 2024","Tue Jun 25 18:36:08 GMT 2024","11203","Surefire suite","Surefire test","school.redrover.PipelineTest","school.redrover.PipelineTest","testStagesQuantity","testStagesQuantity","Verify that a pipeline with a specified number of stages can be created via pipeline script"
"passed","Tue Jun 25 18:44:49 GMT 2024","Tue Jun 25 18:44:50 GMT 2024","794","Surefire suite","Surefire test","school.redrover.ManageJenkinsTest","school.redrover.ManageJenkinsTest","testManageJenkinsLinksRedirectionURL","testManageJenkinsLinksRedirectionURL","Check redirect to right URL after click on link"
"passed","Tue Jun 25 18:45:44 GMT 2024","Tue Jun 25 18:45:44 GMT 2024","557","Surefire suite","Surefire test","school.redrover.ManageJenkinsTest","school.redrover.ManageJenkinsTest","testRedirectionToUsersPage","testRedirectionToUsersPage","Check redirection to 'Users' page"
"passed","Tue Jun 25 18:45:38 GMT 2024","Tue Jun 25 18:45:39 GMT 2024","704","Surefire suite","Surefire test","school.redrover.ManageJenkinsTest","school.redrover.ManageJenkinsTest","testRedirectionToSystemLogPage","testRedirectionToSystemLogPage","Check redirection to 'System Log' page"
"passed","Tue Jun 25 18:34:26 GMT 2024","Tue Jun 25 18:34:28 GMT 2024","2043","Surefire suite","Surefire test","school.redrover.PipelineTest","school.redrover.PipelineTest","testCheckForButtonOfScheduleABuild","testCheckForButtonOfScheduleABuild","Checking for a button of Schedule a Build for the Pipeline"
"passed","Tue Jun 25 18:43:55 GMT 2024","Tue Jun 25 18:43:55 GMT 2024","600","Surefire suite","Surefire test","school.redrover.ManageJenkinsTest","school.redrover.ManageJenkinsTest","testLinksDescriptionText","testLinksDescriptionText","Check link description text"
"passed","Tue Jun 25 18:42:11 GMT 2024","Tue Jun 25 18:42:12 GMT 2024","581","Surefire suite","Surefire test","school.redrover.UserTest","school.redrover.UserTest","testSearchForUserThroughSearchBar","testSearchForUserThroughSearchBar","Check search box dropdown hints for users"
"passed","Tue Jun 25 18:39:01 GMT 2024","Tue Jun 25 18:39:05 GMT 2024","3551","Surefire suite","Surefire test","school.redrover.FreestyleProjectTest","school.redrover.FreestyleProjectTest","testDeleteProjectViaDropdownMenu","testDeleteProjectViaDropdownMenu","Delete project via dropdown menu"
"passed","Tue Jun 25 18:43:51 GMT 2024","Tue Jun 25 18:43:52 GMT 2024","608","Surefire suite","Surefire test","school.redrover.ManageJenkinsTest","school.redrover.ManageJenkinsTest","testLinksDescriptionText","testLinksDescriptionText","Check link description text"
"passed","Tue Jun 25 18:34:29 GMT 2024","Tue Jun 25 18:34:29 GMT 2024","143","Surefire suite","Surefire test","school.redrover.PipelineTest","school.redrover.PipelineTest","testGreenBuildSuccessColor","testGreenBuildSuccessColor","Successful build is marked green"
"passed","Tue Jun 25 18:34:46 GMT 2024","Tue Jun 25 18:34:47 GMT 2024","1166","Surefire suite","Surefire test","school.redrover.PipelineTest","school.redrover.PipelineTest","testHideDescriptionPreview","testHideDescriptionPreview","02.004.12 Verify that description preview can be hidden"
"passed","Tue Jun 25 18:43:58 GMT 2024","Tue Jun 25 18:43:58 GMT 2024","620","Surefire suite","Surefire test","school.redrover.ManageJenkinsTest","school.redrover.ManageJenkinsTest","testLinksDescriptionText","testLinksDescriptionText","Check link description text"
"passed","Tue Jun 25 18:39:11 GMT 2024","Tue Jun 25 18:39:12 GMT 2024","190","Surefire suite","Surefire test","school.redrover.FreestyleProjectTest","school.redrover.FreestyleProjectTest","testEnableProject","testEnableProject","Enable disabled project"
"passed","Tue Jun 25 18:37:49 GMT 2024","Tue Jun 25 18:37:50 GMT 2024","869","Surefire suite","Surefire test","school.redrover.PipelineTest","school.redrover.PipelineTest","testVerifyConfigureSectionsHaveTooltips","testVerifyConfigureSectionsHaveTooltips","Verify that three pipeline configure sections have toolTips"
"passed","Tue Jun 25 18:42:02 GMT 2024","Tue Jun 25 18:42:04 GMT 2024","1709","Surefire suite","Surefire test","school.redrover.FolderTest","school.redrover.FolderTest","testMoveFolderToFolderViaDropdownMenu","testMoveFolderToFolderViaDropdownMenu","Verify a Folder can be moved into another Folder via dropdown menu"
"passed","Tue Jun 25 18:31:35 GMT 2024","Tue Jun 25 18:31:35 GMT 2024","0","Surefire suite","Surefire test","school.redrover.runner.order.OrderForTestsTest","school.redrover.runner.order.OrderForTestsTest","orderMethodsOneGroupDepTest","orderMethodsOneGroupDepTest",""
"passed","Tue Jun 25 18:31:46 GMT 2024","Tue Jun 25 18:31:46 GMT 2024","3","Surefire suite","Surefire test","school.redrover.APIJenkinsJobsTest","school.redrover.APIJenkinsJobsTest","testDelete","testDelete",""
"passed","Tue Jun 25 18:42:29 GMT 2024","Tue Jun 25 18:42:30 GMT 2024","1118","Surefire suite","Surefire test","school.redrover.UserTest","school.redrover.UserTest","testRedirectToUserPage","testRedirectToUserPage","Check redirect to user page"
"passed","Tue Jun 25 18:39:20 GMT 2024","Tue Jun 25 18:39:22 GMT 2024","1563","Surefire suite","Surefire test","school.redrover.FreestyleProjectTest","school.redrover.FreestyleProjectTest","testGetWelcomePageWhenDeleteProjectViaBreadCrumbMenu","testGetWelcomePageWhenDeleteProjectViaBreadCrumbMenu","Delete project via breadcrumb navigation menu on project's page"
"passed","Tue Jun 25 18:31:46 GMT 2024","Tue Jun 25 18:31:46 GMT 2024","117","Surefire suite","Surefire test","school.redrover.APIJenkinsJobsTest","school.redrover.APIJenkinsJobsTest","testGetJobs","testGetJobs","Verify that a jobs returned correct json format"
"passed","Tue Jun 25 18:44:42 GMT 2024","Tue Jun 25 18:44:43 GMT 2024","829","Surefire suite","Surefire test","school.redrover.ManageJenkinsTest","school.redrover.ManageJenkinsTest","testManageJenkinsLinksRedirectionURL","testManageJenkinsLinksRedirectionURL","Check redirect to right URL after click on link"
"passed","Tue Jun 25 18:43:14 GMT 2024","Tue Jun 25 18:43:14 GMT 2024","285","Surefire suite","Surefire test","school.redrover.DashboardTest","school.redrover.DashboardTest","testDeleteView","testDeleteView","Verify a View list does not contain recently deleted View name"
"passed","Tue Jun 25 18:42:30 GMT 2024","Tue Jun 25 18:42:31 GMT 2024","1121","Surefire suite","Surefire test","school.redrover.UserTest","school.redrover.UserTest","testRedirectToUserPage","testRedirectToUserPage","Check redirect to user page"
"passed","Tue Jun 25 18:41:54 GMT 2024","Tue Jun 25 18:41:54 GMT 2024","238","Surefire suite","Surefire test","school.redrover.FolderTest","school.redrover.FolderTest","testErrorWhenCreatingFolderWithDotAsFirstCharacter","testErrorWhenCreatingFolderWithDotAsFirstCharacter","Verify error message when create a folder with a dot as the first character"
"passed","Tue Jun 25 18:40:05 GMT 2024","Tue Jun 25 18:40:06 GMT 2024","1131","Surefire suite","Surefire test","school.redrover.OrganizationFolderTest","school.redrover.OrganizationFolderTest","testProjectRecognizersFiltersBordersAreDashed","testProjectRecognizersFiltersBordersAreDashed","Verify that the borders of the project recognizers filters are dashed in the configuration page."
"passed","Tue Jun 25 18:45:42 GMT 2024","Tue Jun 25 18:45:43 GMT 2024","835","Surefire suite","Surefire test","school.redrover.ManageJenkinsTest","school.redrover.ManageJenkinsTest","testRedirectionToToolsPage","testRedirectionToToolsPage","Check redirection to 'Tools' page"
"passed","Tue Jun 25 18:32:15 GMT 2024","Tue Jun 25 18:32:53 GMT 2024","38333","Surefire suite","Surefire test","school.redrover.PipelineTest","school.redrover.PipelineTest","testBuildAttributesDescending","testBuildAttributesDescending","Check List of builds is displayed in descending'"
"passed","Tue Jun 25 18:38:56 GMT 2024","Tue Jun 25 18:38:56 GMT 2024","375","Surefire suite","Surefire test","school.redrover.FreestyleProjectTest","school.redrover.FreestyleProjectTest","testCreateProjectInvalidCharsGetMessage","testCreateProjectInvalidCharsGetMessage","Verify error message for project creation with invalid characters."
"passed","Tue Jun 25 18:41:40 GMT 2024","Tue Jun 25 18:41:40 GMT 2024","223","Surefire suite","Surefire test","school.redrover.PeopleTest","school.redrover.PeopleTest","testSortPeopleByStateDescending","testSortPeopleByStateDescending","Sort people by on/off state value"
"passed","Tue Jun 25 18:34:32 GMT 2024","Tue Jun 25 18:34:38 GMT 2024","5952","Surefire suite","Surefire test","school.redrover.PipelineTest","school.redrover.PipelineTest","testDiscardOldBuildsByCount","testDiscardOldBuildsByCount","02.004.14 Verify that Discard Old Builds By Count option is saved"
"passed","Tue Jun 25 18:44:08 GMT 2024","Tue Jun 25 18:44:09 GMT 2024","983","Surefire suite","Surefire test","school.redrover.ManageJenkinsTest","school.redrover.ManageJenkinsTest","testManageJenkinsLinksRedirectToPage","testManageJenkinsLinksRedirectToPage","Check page title after click on link"
"passed","Tue Jun 25 18:42:28 GMT 2024","Tue Jun 25 18:42:29 GMT 2024","1104","Surefire suite","Surefire test","school.redrover.UserTest","school.redrover.UserTest","testRedirectToUserPage","testRedirectToUserPage","Check redirect to user page"
"passed","Tue Jun 25 18:43:22 GMT 2024","Tue Jun 25 18:43:22 GMT 2024","273","Surefire suite","Surefire test","school.redrover.DashboardTest","school.redrover.DashboardTest","testPeopleOnSidebarMenu","testPeopleOnSidebarMenu","Verify People Sidebar Menu Header"
"passed","Tue Jun 25 18:41:43 GMT 2024","Tue Jun 25 18:41:43 GMT 2024","312","Surefire suite","Surefire test","school.redrover.FolderTest","school.redrover.FolderTest","testEditDescription","testEditDescription","Edit description of the folder and save it"
"passed","Tue Jun 25 18:38:35 GMT 2024","Tue Jun 25 18:38:35 GMT 2024","381","Surefire suite","Surefire test","school.redrover.FreestyleProjectTest","school.redrover.FreestyleProjectTest","testCreateProjectInvalidCharsGetMessage","testCreateProjectInvalidCharsGetMessage","Verify error message for project creation with invalid characters."
"passed","Tue Jun 25 18:39:45 GMT 2024","Tue Jun 25 18:39:45 GMT 2024","222","Surefire suite","Surefire test","school.redrover.OrganizationFolderTest","school.redrover.OrganizationFolderTest","testAddDescriptionViaAddDescriptionButton","testAddDescriptionViaAddDescriptionButton","Verify description can be added to project by clicking Add description."
"passed","Tue Jun 25 18:37:38 GMT 2024","Tue Jun 25 18:37:39 GMT 2024","816","Surefire suite","Surefire test","school.redrover.PipelineTest","school.redrover.PipelineTest","testVerifyConfigureSectionsHaveTooltips","testVerifyConfigureSectionsHaveTooltips","Verify that three pipeline configure sections have toolTips"
"passed","Tue Jun 25 18:29:54 GMT 2024","Tue Jun 25 18:29:54 GMT 2024","349","Surefire suite","Surefire test","school.redrover.NewItemTest","school.redrover.NewItemTest","testInvalidValuesForProjectNameInput","testInvalidValuesForProjectNameInput","Check hint, when entering an unsafe character "
"passed","Tue Jun 25 18:33:40 GMT 2024","Tue Jun 25 18:34:06 GMT 2024","25941","Surefire suite","Surefire test","school.redrover.PipelineTest","school.redrover.PipelineTest","testConsoleOutputValue","testConsoleOutputValue","02.003.01 Verify Console Ouput For All Stages"
"passed","Tue Jun 25 18:43:45 GMT 2024","Tue Jun 25 18:43:46 GMT 2024","620","Surefire suite","Surefire test","school.redrover.ManageJenkinsTest","school.redrover.ManageJenkinsTest","testLinksDescriptionText","testLinksDescriptionText","Check link description text"
"passed","Tue Jun 25 18:37:42 GMT 2024","Tue Jun 25 18:37:43 GMT 2024","689","Surefire suite","Surefire test","school.redrover.PipelineTest","school.redrover.PipelineTest","testVerifyConfigureSectionsHaveTooltips","testVerifyConfigureSectionsHaveTooltips","Verify that three pipeline configure sections have toolTips"
"passed","Tue Jun 25 18:35:47 GMT 2024","Tue Jun 25 18:35:55 GMT 2024","8457","Surefire suite","Surefire test","school.redrover.PipelineTest","school.redrover.PipelineTest","testStageColumnHeader","testStageColumnHeader","02.003.02 Verify column header for each stage of the build"
